,ts_code,trade_date,open,high,low,close,pre_close,change,pct_chg,vol,amount,ma5,ma_v_5,ma20,ma_v_20,ma60,ma_v_60,key
0,300079.SZ,20180102,4.2005,4.2502,4.1706,4.2502,4.1905,0.05970000000000031,1.4247,134489.27,57027.421,,,,,,,0
1,300079.SZ,20180103,4.2502,4.3597,4.2303,4.3298,4.2502,0.07959999999999923,1.8729,181489.91,78532.886,,,,,,,1
2,300079.SZ,20180104,4.3099,4.3498,4.3099,4.3199,4.3298,-0.00990000000000002,-0.2286,99123.24,43074.61,,,,,,,2
3,300079.SZ,20180105,4.3099,4.3498,4.3,4.3298,4.3199,0.00990000000000002,0.2292,89618.11,38919.451,,,,,,,3
4,300079.SZ,20180108,4.3298,4.3398,4.2801,4.3099,4.3298,-0.019899999999999807,-0.4596,105512.39,45587.092,4.3079,122046.584,,,,,4
5,300079.SZ,20180109,4.3099,4.3697,4.2801,4.3199,4.3099,0.009999999999999787,0.232,118834.44,51535.088,4.3219,118915.618,,,,,5
6,300079.SZ,20180110,4.3,4.5588,4.2502,4.3896,4.3199,0.0697000000000001,1.6135,248362.44,108591.031,4.3338,132290.124,,,,,6
7,300079.SZ,20180111,4.3298,4.5289,4.3099,4.5289,4.3896,0.13930000000000042,3.1734,315948.83,140753.357,4.3756,175655.242,,,,,7
8,300079.SZ,20180112,4.4991,4.4991,4.4095,4.4194,4.5289,-0.10949999999999971,-2.4178,187198.74,83640.372,4.3935,195171.368,,,,,8
9,300079.SZ,20180115,4.3995,4.3995,4.2104,4.2403,4.4194,-0.17910000000000004,-4.0526,164715.47,71215.274,4.3796,207011.984,,,,,9
10,300079.SZ,20180116,4.2303,4.29,4.2204,4.2801,4.2403,0.03979999999999961,0.9386,102201.51,43618.791,4.3717,203685.398,,,,,10
11,300079.SZ,20180117,4.2502,4.3498,4.2204,4.3099,4.2801,0.029799999999999827,0.6962,114005.42,49073.487,4.3557,176813.994,,,,,11
12,300079.SZ,20180118,4.3099,4.3896,4.29,4.3199,4.3099,0.009999999999999787,0.232,99067.05,43147.087,4.3139,133437.638,,,,,12
13,300079.SZ,20180119,4.3099,4.4194,4.29,4.3,4.3199,-0.019899999999999807,-0.4607,110006.01,47906.829,4.29,117999.092,,,,,13
14,300079.SZ,20180122,4.3099,4.4792,4.2502,4.4294,4.3,0.1294000000000004,3.0093,205997.77,90623.935,4.3279,126255.552,,,,,14
15,300079.SZ,20180123,4.4095,4.4294,4.3697,4.3995,4.4294,-0.029900000000000482,-0.675,98309.18,43395.029,4.3517,125477.086,,,,,15
16,300079.SZ,20180124,4.3995,4.5289,4.3597,4.4991,4.3995,0.09960000000000058,2.2639,283783.7,127694.519,4.3896,159432.742,,,,,16
17,300079.SZ,20180125,4.4692,4.5787,4.4592,4.4692,4.4991,-0.029900000000000482,-0.6646,212594.76,96433.593,4.4194,182138.284,,,,,17
18,300079.SZ,20180126,4.4592,4.509,4.4493,4.4592,4.4692,-0.009999999999999787,-0.2238,122781.61,55184.306,4.4513,184693.404,,,,,18
19,300079.SZ,20180129,4.4294,4.4792,4.2701,4.29,4.4592,-0.16920000000000002,-3.7944,236219.17,102977.11,4.4234,190737.684,4.3597,161512.951,,,19
20,300079.SZ,20180130,4.3,4.3,4.2303,4.2502,4.29,-0.03979999999999961,-0.9277,121161.44,51775.687,4.3935,195308.136,4.3597,160846.5595,,,20
21,300079.SZ,20180131,4.2204,4.2403,3.9516,3.9715,4.2502,-0.2787000000000006,-6.5573,236359.27,96086.638,4.288,185823.25,4.3418,163590.0275,,,21
22,300079.SZ,20180201,3.9715,4.0014,3.6829,3.6829,3.9715,-0.28859999999999975,-7.2668,239706.62,91930.166,4.1308,191245.622,4.3099,170619.1965,,,22
23,300079.SZ,20180202,3.6928,3.7028,3.5734,3.6132,3.6829,-0.0697000000000001,-1.8925,123888.64,45315.702,3.9616,191467.028,4.2741,172332.723,,,23
24,300079.SZ,20180205,3.6132,3.663,3.5136,3.5336,3.6132,-0.07960000000000012,-2.203,153909.58,55363.727,3.8103,175005.11,4.2353,174752.5825,,,24
25,300079.SZ,20180206,3.4937,3.5037,3.1951,3.215,3.5336,-0.3186,-9.0163,237065.01,79681.741,3.6032,198185.824,4.18,180664.111,,,25
26,300079.SZ,20180207,3.2549,3.3743,3.1852,3.2947,3.215,0.07970000000000033,2.479,194086.12,64129.686,3.4679,189731.194,4.1253,177950.295,,,26
27,300079.SZ,20180208,3.2947,3.6231,3.2748,3.434,3.2947,0.13929999999999998,4.228,227501.33,79246.721,3.4181,187290.136,4.0706,173527.92,,,27
28,300079.SZ,20180209,3.3345,3.7525,3.2847,3.5535,3.434,0.11949999999999994,3.4799,382710.35,135469.725,3.4062,239054.478,4.0273,183303.5005,,,28
29,300079.SZ,20180212,3.5734,3.643,3.4738,3.5634,3.5535,0.00990000000000002,0.2786,220030.77,78866.471,3.4121,252278.716,3.9934,186069.2655,,,29
30,300079.SZ,20180213,3.5535,3.6231,3.4539,3.4838,3.5634,-0.07960000000000012,-2.2338,179760.0,63858.569,3.4659,240817.714,3.9536,189947.19,,,30
31,300079.SZ,20180214,3.4639,3.5236,3.4539,3.4639,3.4838,-0.019899999999999807,-0.5712,103878.79,36274.484,3.4997,222776.248,3.9113,189440.8585,,,31
32,300079.SZ,20180222,3.4937,3.5236,3.4141,3.5037,3.4639,0.03979999999999961,1.149,99417.71,34712.016,3.5137,197159.524,3.8705,189458.3915,,,32
33,300079.SZ,20180223,3.4937,3.5236,3.4241,3.4738,3.5037,-0.029899999999999594,-0.8534,100533.45,35098.34,3.4977,140724.144,3.8292,188984.7635,,,33
34,300079.SZ,20180226,3.4738,3.6331,3.4738,3.5833,3.4738,0.10949999999999971,3.1522,215691.84,77106.321,3.5017,139856.358,3.7869,189469.467,,,34
35,300079.SZ,20180227,3.5734,3.643,3.5535,3.5933,3.5833,0.010000000000000231,0.2791,168920.54,61086.538,3.5236,137688.466,3.7466,193000.035,,,35
36,300079.SZ,20180228,3.5734,3.7227,3.5435,3.643,3.5933,0.04969999999999963,1.3831,275169.45,100537.234,3.5594,171946.598,3.7038,192569.3225,,,36
37,300079.SZ,20180301,3.6132,3.8023,3.5933,3.7724,3.643,0.1294000000000004,3.552,343669.69,127647.313,3.6132,220796.994,3.6689,199123.069,,,37
38,300079.SZ,20180302,3.7326,3.7724,3.663,3.7028,3.7724,-0.06960000000000033,-1.845,254827.76,95045.467,3.659,251655.856,3.6311,205725.3765,,,38
39,300079.SZ,20180305,3.6928,3.7824,3.6729,3.7326,3.7028,0.02980000000000027,0.8048,192022.15,71736.375,3.6888,246921.918,3.6032,203515.5255,,,39
40,300079.SZ,20180306,3.7525,3.8023,3.7028,3.7923,3.7326,0.059699999999999864,1.5994,237278.13,89624.085,3.7286,260593.436,3.5803,209321.36,,,40
41,300079.SZ,20180307,3.8123,3.8123,3.7028,3.7326,3.7923,-0.059699999999999864,-1.5742,214426.83,80724.963,3.7465,248444.912,3.5684,208224.738,,,41
42,300079.SZ,20180308,3.7326,3.7724,3.6928,3.7625,3.7326,0.029900000000000038,0.8011,165705.69,62131.211,3.7446,212852.112,3.5724,204524.6915,,,42
43,300079.SZ,20180309,3.7625,3.9018,3.7326,3.8919,3.7625,0.12939999999999996,3.4392,336839.07,130200.752,3.7824,229254.374,3.5863,215172.213,,,43
44,300079.SZ,20180312,3.9417,4.0611,3.8819,3.9516,3.8919,0.059699999999999864,1.534,367612.28,146511.156,3.8262,264372.4,3.6072,225857.348,,,44
45,300079.SZ,20180313,3.9715,4.0412,3.8819,3.9417,3.9516,-0.00990000000000002,-0.2505,324743.47,129430.801,3.8561,281865.468,3.6435,230241.271,,,45
46,300079.SZ,20180314,3.9417,3.9715,3.8521,3.862,3.9417,-0.07969999999999988,-2.022,200722.3,78815.126,3.8819,279124.562,3.6719,230573.08,,,46
47,300079.SZ,20180315,3.8521,3.862,3.7028,3.8023,3.862,-0.05970000000000031,-1.5458,219568.33,83390.221,3.8899,289897.09,3.6903,230176.43,,,47
48,300079.SZ,20180316,3.7824,3.8521,3.7625,3.8023,3.8023,0.0,0.0,173282.8,66156.486,3.872,257185.836,3.7028,219705.0525,,,48
49,300079.SZ,20180319,3.8023,3.9417,3.7525,3.8819,3.8023,0.07960000000000012,2.0935,226797.67,88268.216,3.858,229022.914,3.7187,220043.3975,,,49
50,300079.SZ,20180320,3.8819,3.8819,3.7724,3.8421,3.8819,-0.03980000000000006,-1.0253,188177.08,72210.829,3.8381,201709.636,3.7366,220464.2515,,,50
51,300079.SZ,20180321,3.8322,3.9417,3.7923,3.7923,3.8421,-0.049799999999999844,-1.2962,214004.37,83320.796,3.8242,204366.05,3.753,225970.5305,,,51
52,300079.SZ,20180322,3.8023,3.8521,3.7625,3.7923,3.7923,0.0,0.0,163734.98,62563.134,3.8222,193199.38,3.7675,229186.394,,,52
53,300079.SZ,20180323,3.7127,3.7127,3.4141,3.434,3.7923,-0.35829999999999984,-9.4481,334641.11,118727.304,3.7485,225471.042,3.7655,240891.777,,,53
54,300079.SZ,20180326,3.3842,3.5136,3.2947,3.4937,3.434,0.059699999999999864,1.7385,151790.26,52048.904,3.6709,210469.56,3.761,237696.698,,,54
55,300079.SZ,20180327,3.5336,3.6729,3.5136,3.643,3.4937,0.14929999999999977,4.2734,242245.11,87747.628,3.6311,221283.166,3.7635,241362.9265,,,55
56,300079.SZ,20180328,3.5833,3.6928,3.5634,3.653,3.643,0.010000000000000231,0.2745,156366.83,57279.096,3.6032,209755.658,3.764,235422.7955,,,56
57,300079.SZ,20180329,3.653,3.7625,3.6331,3.7028,3.653,0.049799999999999844,1.3633,163155.71,60850.909,3.5853,209639.804,3.7605,226397.0965,,,57
58,300079.SZ,20180330,3.7028,3.8123,3.6729,3.8023,3.7028,0.09949999999999992,2.6872,227070.9,85837.547,3.659,188125.762,3.7655,225009.2535,,,58
59,300079.SZ,20180402,3.8322,3.872,3.7625,3.7824,3.8023,-0.019899999999999807,-0.5234,235922.73,90489.32,3.7167,204952.256,3.768,227204.2825,3.9103,197410.9197,59
60,300079.SZ,20180403,3.6928,3.7625,3.6331,3.7625,3.7824,-0.019899999999999807,-0.5261,221080.98,81973.979,3.7406,200719.43,3.7665,226394.425,3.9022,198854.1148,60
61,300079.SZ,20180404,3.7824,3.7923,3.643,3.663,3.7625,-0.09950000000000037,-2.6445,174114.0,64821.233,3.7426,204268.864,3.763,224378.7835,3.8911,198731.183,61
62,300079.SZ,20180409,3.6132,3.7525,3.5734,3.7028,3.663,0.03980000000000006,1.0865,174170.65,64246.975,3.7426,206471.852,3.76,224802.0315,3.8808,199981.9732,62
63,300079.SZ,20180410,3.7426,4.0711,3.643,4.0711,3.7028,0.3683000000000005,9.9465,710597.5,280713.491,3.7964,303177.172,3.769,243489.953,3.8765,210331.6297,63
64,300079.SZ,20180411,4.1805,4.4692,4.1109,4.2204,4.0711,0.14929999999999932,3.6673,1497466.8,643579.539,3.884,555485.986,3.7824,299982.679,3.875,233530.8698,64
65,300079.SZ,20180412,4.1407,4.3199,4.081,4.1905,4.2204,-0.029899999999999594,-0.7085,897770.47,377232.503,3.9696,690823.884,3.7948,328634.029,3.8728,246513.137,65
66,300079.SZ,20180413,4.1407,4.2005,4.0312,4.0312,4.1905,-0.1593,-3.8015,566642.05,233808.435,4.0432,769329.494,3.8033,346930.0165,3.8668,251817.7972,66
67,300079.SZ,20180416,4.0014,4.1208,3.9914,4.081,4.0312,0.04980000000000029,1.2354,406122.31,165515.288,4.1188,815719.826,3.8172,356257.7155,3.8594,253320.6885,67
68,300079.SZ,20180417,4.1208,4.1308,3.9317,3.9417,4.081,-0.13930000000000042,-3.4134,417192.87,169115.187,4.093,757038.9,3.8242,368453.219,3.8514,257153.924,68
69,300079.SZ,20180418,3.9914,4.1606,3.9317,4.1407,3.9417,0.19899999999999984,5.0486,499291.67,203862.665,4.077,557403.874,3.8371,382077.919,3.8497,262730.194,69
70,300079.SZ,20180419,4.1109,4.1407,4.0711,4.081,4.1407,-0.05969999999999942,-1.4418,337344.28,139035.263,4.0551,445318.636,3.8491,389536.279,3.8464,266649.2402,70
71,300079.SZ,20180420,4.081,4.2303,4.0511,4.1109,4.081,0.029899999999999594,0.7327,522845.07,218262.369,4.0711,436559.24,3.865,404978.314,3.8431,273463.2343,71
72,300079.SZ,20180423,4.1308,4.2005,4.0611,4.1805,4.1109,0.06960000000000033,1.6931,344094.23,143042.443,4.091,424153.624,3.8844,413996.2765,3.8408,277547.0207,72
73,300079.SZ,20180424,4.1507,4.2502,4.081,4.2303,4.1805,0.0497999999999994,1.1912,433218.55,182072.008,4.1487,427358.76,3.9242,418925.1485,3.8396,282933.8963,73
74,300079.SZ,20180425,4.1805,4.3896,4.1606,4.3398,4.2303,0.1095000000000006,2.5885,581673.89,251339.545,4.1885,443835.204,3.9665,440419.33,3.8381,289195.165,74
75,300079.SZ,20180426,4.3,4.3099,4.1507,4.1507,4.3398,-0.1891000000000007,-4.3573,356285.61,151500.664,4.2024,447623.47,3.9919,446121.355,3.834,293494.7722,75
76,300079.SZ,20180427,4.1905,4.2104,4.091,4.1706,4.1507,0.019900000000000695,0.4794,215130.49,89844.611,4.2144,386080.554,4.0178,449059.538,3.8285,292350.552,76
77,300079.SZ,20180502,4.1706,4.2005,4.0213,4.0711,4.1706,-0.09949999999999992,-2.3857,247634.8,101520.086,4.1925,366788.668,4.0362,453283.4925,3.8219,292934.5527,77
78,300079.SZ,20180503,4.0611,4.1407,3.9417,4.1308,4.0711,0.05969999999999942,1.4664,243295.75,98991.849,4.1726,328804.108,4.0526,454094.735,3.8164,294943.1217,78
79,300079.SZ,20180504,4.1009,4.1308,4.0611,4.0611,4.1308,-0.0697000000000001,-1.6873,145096.0,59699.762,4.1169,241488.53,4.0666,449553.3985,3.8126,293424.4022,79
80,300079.SZ,20180507,4.0711,4.2104,4.0611,4.2005,4.0611,0.1394000000000002,3.4326,270486.28,113105.523,4.1268,224328.664,4.0885,452023.6635,3.8118,295913.1495,80
81,300079.SZ,20180508,4.2104,4.2403,4.1208,4.2005,4.2005,0.0,0.0,235332.58,98728.914,4.1328,228369.082,4.1154,455084.5925,3.8156,295896.038,81
82,300079.SZ,20180509,4.2005,4.2104,4.1308,4.1507,4.2005,-0.04980000000000029,-1.1856,189412.5,79106.215,4.1487,216724.622,4.1378,455846.685,3.8234,295057.8027,82
83,300079.SZ,20180510,4.1507,4.3199,4.1407,4.2801,4.1507,0.1294000000000004,3.1175,419203.15,179661.74,4.1786,251906.102,4.1482,441276.9675,3.8345,299979.7112,83
84,300079.SZ,20180511,4.3,4.3099,4.1905,4.2005,4.2801,-0.07960000000000012,-1.8598,229361.26,97615.882,4.2065,268759.154,4.1472,377871.6905,3.8456,301237.2392,84
85,300079.SZ,20180514,4.1805,4.2303,4.0711,4.091,4.2005,-0.10949999999999971,-2.6068,211894.47,88085.553,4.1846,257040.792,4.1422,343577.8905,3.8602,300817.7302,85
86,300079.SZ,20180515,4.1009,4.2403,4.081,4.2303,4.091,0.13929999999999954,3.405,253377.47,106587.55,4.1905,260649.77,4.1522,327914.6615,3.8758,301805.9193,86
87,300079.SZ,20180516,4.2005,4.2502,4.1208,4.1308,4.2303,-0.09949999999999992,-2.3521,206055.9,86536.905,4.1865,263978.45,4.1547,317911.341,3.8874,301448.4955,87
88,300079.SZ,20180517,4.1109,4.1407,4.091,4.1109,4.1308,-0.019899999999999807,-0.4817,148329.29,61245.32,4.1527,209803.678,4.1631,304468.162,3.8967,297542.1445,88
89,300079.SZ,20180518,4.1109,4.1905,4.1009,4.1606,4.1109,0.04969999999999963,1.209,146407.84,60983.417,4.1447,193212.994,4.1641,286823.9705,3.9067,296315.0957,89
90,300079.SZ,20180521,4.2104,4.3298,4.2005,4.2403,4.1606,0.07970000000000077,1.9156,283543.17,121691.313,4.1746,207542.734,4.1721,284133.915,3.9193,298044.8152,90
91,300079.SZ,20180522,4.2303,4.6285,4.1706,4.4294,4.2403,0.18909999999999982,4.4596,806201.03,358156.757,4.2144,318107.446,4.188,298301.713,3.9354,309750.1858,91
92,300079.SZ,20180523,4.4095,4.6086,4.3995,4.4095,4.4294,-0.019899999999999807,-0.4493,682131.04,307648.829,4.2701,413322.474,4.1995,315203.5535,3.9505,319462.0747,92
93,300079.SZ,20180524,4.4493,4.4891,4.3498,4.3498,4.4095,-0.05970000000000031,-1.3539,390025.72,173199.74,4.3179,461661.76,4.2055,313043.912,3.9651,324286.9458,93
94,300079.SZ,20180525,4.4095,4.509,4.3498,4.4393,4.3498,0.08950000000000014,2.0576,414274.17,184604.358,4.3737,515235.026,4.2104,304673.926,3.9793,327596.6513,94
95,300079.SZ,20180528,4.4393,4.6285,4.3995,4.6185,4.4393,0.1791999999999998,4.0367,633952.9,289213.032,4.4493,585316.972,4.2338,318557.2905,3.9964,335347.1907,95
96,300079.SZ,20180529,4.5687,4.728,4.4592,4.4891,4.6185,-0.1294000000000004,-2.8018,632500.14,291852.843,4.4612,550576.794,4.2497,339425.773,4.0105,341302.7022,96
97,300079.SZ,20180530,4.3298,4.4095,4.2303,4.2701,4.4891,-0.21899999999999942,-4.8785,427511.02,185844.55,4.4334,499652.79,4.2597,348419.584,4.0188,342700.0577,97
98,300079.SZ,20180531,4.3298,4.5986,4.2801,4.5488,4.2701,0.2786999999999997,6.5268,471391.29,209630.71,4.4732,515925.904,4.2806,359824.361,4.0329,346309.4498,98
99,300079.SZ,20180601,4.4891,4.5488,4.3796,4.4493,4.5488,-0.09949999999999992,-2.1874,324484.38,145541.236,4.4752,497967.946,4.3,368793.78,4.0448,348517.1537,99
100,300079.SZ,20180604,4.509,4.6285,4.4493,4.4592,4.4493,0.00990000000000002,0.2225,371333.58,169331.758,4.4433,445444.082,4.3129,373836.145,4.056,350751.4112,100
101,300079.SZ,20180605,4.4792,4.6086,4.3896,4.5986,4.4592,0.1394000000000002,3.1261,389016.24,177476.313,4.4652,396747.302,4.3328,381520.328,4.0704,353661.2347,101
102,300079.SZ,20180606,4.6086,4.7579,4.5289,4.5787,4.5986,-0.019899999999999807,-0.4327,673049.68,314598.821,4.5269,445855.034,4.3542,405702.187,4.084,362116.9678,102
103,300079.SZ,20180607,4.5986,4.6185,4.4592,4.4991,4.5787,-0.07960000000000012,-1.7385,335874.51,152361.524,4.517,418751.678,4.3652,401535.755,4.0941,362100.8918,103
104,300079.SZ,20180608,4.4592,4.4792,4.3896,4.4294,4.4991,-0.0697000000000001,-1.5492,244337.24,108549.924,4.513,402722.25,4.3766,402284.554,4.1021,360046.3078,104
105,300079.SZ,20180611,4.3498,4.519,4.3199,4.4194,4.4294,-0.009999999999999787,-0.2258,253413.54,112888.009,4.505,379138.242,4.3931,404360.5075,4.11,358857.4757,105
106,300079.SZ,20180612,4.4393,4.4692,4.2403,4.3199,4.4194,-0.09950000000000081,-2.2514,291092.31,126613.403,4.4493,359553.456,4.3975,406246.2495,4.1177,360363.6425,106
107,300079.SZ,20180613,4.29,4.3,4.081,4.091,4.3199,-0.22889999999999944,-5.2987,373150.53,155798.086,4.3518,299573.626,4.3955,414600.981,4.1225,362923.3458,107
108,300079.SZ,20180614,4.0412,4.1507,3.9516,3.9715,4.091,-0.11950000000000038,-2.921,272248.51,110355.697,4.2462,286848.426,4.3886,420796.942,4.1253,364572.7743,108
109,300079.SZ,20180615,3.9914,4.0014,3.6032,3.7326,3.9715,-0.23889999999999967,-6.0154,352890.45,134103.981,4.1069,308559.068,4.3672,431121.0725,4.1228,366674.3207,109
110,300079.SZ,20180619,3.6331,3.7028,3.3643,3.4241,3.7326,-0.3085,-8.265,306664.33,108754.026,3.9078,319209.226,4.3264,432277.1305,4.1159,368649.1082,110
111,300079.SZ,20180620,3.4141,3.5435,3.3842,3.5136,3.4241,0.08949999999999969,2.6138,263132.67,92047.614,3.7466,313617.298,4.2806,405123.7125,4.1112,369467.9132,111
112,300079.SZ,20180621,3.5336,3.5634,3.4042,3.4042,3.5136,-0.10939999999999994,-3.1136,199023.14,69483.256,3.6092,278791.82,4.2303,380968.3175,4.1047,370056.0492,112
113,300079.SZ,20180622,3.3842,3.5136,3.3146,3.4838,3.4042,0.07960000000000012,2.3383,164096.13,56997.748,3.5117,257161.344,4.187,369671.838,4.1056,367213.6328,113
114,300079.SZ,20180625,3.5435,3.5634,3.4639,3.4639,3.4838,-0.019899999999999807,-0.5712,137741.0,48571.256,3.4579,214131.454,4.1382,355845.1795,4.1051,366979.4785,114
115,300079.SZ,20180626,3.3842,3.5535,3.3842,3.5336,3.4639,0.06969999999999965,2.0122,147438.38,51905.352,3.4798,182286.264,4.084,331519.4535,4.1032,365399.3663,115
116,300079.SZ,20180627,3.5435,3.5734,3.4936,3.5135,3.5335,-0.020000000000000018,-0.566,130100.68,46033.357,3.4798,155679.866,4.0352,306399.4805,4.1009,364961.5972,116
117,300079.SZ,20180628,3.5135,3.5934,3.5036,3.5135,3.5135,0.0,0.0,131388.67,46648.253,3.5017,142152.972,3.9974,291593.363,4.0978,364432.1465,117
118,300079.SZ,20180629,3.4936,3.6533,3.4936,3.6333,3.5135,0.11980000000000013,3.4097,226450.68,81567.158,3.5316,154623.882,3.9516,279346.3325,4.095,364421.8095,118
119,300079.SZ,20180702,3.6433,3.6533,3.5435,3.5634,3.6333,-0.06990000000000007,-1.9239,194754.2,70056.981,3.5515,166026.522,3.9073,272859.8235,4.0913,363735.6673,119
120,300079.SZ,20180703,3.5634,3.6932,3.5335,3.6633,3.5634,0.09989999999999988,2.8035,208323.72,75388.678,3.5774,178203.59,3.8675,264709.3305,4.0896,363523.0463,120
121,300079.SZ,20180704,3.6433,3.6533,3.5535,3.5834,3.6633,-0.07989999999999986,-2.1811,144745.3,52202.854,3.5914,181132.514,3.8168,252495.7835,4.0883,363033.568,121
122,300079.SZ,20180705,3.5535,3.6133,3.4037,3.4237,3.5834,-0.15969999999999995,-4.4567,162536.4,57035.094,3.5734,187362.06,3.759,226970.1195,4.0837,362839.6638,122
123,300079.SZ,20180706,3.4037,3.5435,3.3738,3.4836,3.4237,0.05989999999999984,1.7496,156638.48,54569.736,3.5435,173399.62,3.7082,218008.318,4.0739,353607.0135,123
124,300079.SZ,20180709,3.4936,3.6034,3.4936,3.5934,3.4836,0.1097999999999999,3.1519,147934.59,53058.074,3.5495,164035.698,3.6664,213188.1855,4.0634,331114.81,124
125,300079.SZ,20180710,3.6233,3.6333,3.5634,3.5934,3.5934,0.0,0.0,122561.07,44008.09,3.5355,146883.168,3.6251,206645.562,4.0535,318194.6533,125
126,300079.SZ,20180711,3.5435,3.5634,3.4437,3.4936,3.5934,-0.09980000000000011,-2.7773,141738.75,49646.994,3.5175,146281.858,3.5838,199177.884,4.0445,311112.9317,126
127,300079.SZ,20180712,3.5036,3.6133,3.4836,3.5934,3.4936,0.09980000000000011,2.8567,186559.78,66732.947,3.5515,151086.534,3.5589,189848.3465,4.0364,307453.5562,127
128,300079.SZ,20180713,3.6034,3.6233,3.5535,3.5734,3.5934,-0.020000000000000018,-0.5566,135986.38,48761.321,3.5694,146956.114,3.539,183035.24,4.0303,302766.7813,128
129,300079.SZ,20180716,3.5734,3.6133,3.5535,3.5934,3.5734,0.020000000000000018,0.5597,108637.39,39019.607,3.5694,139096.674,3.5321,170822.587,4.0211,296255.8767,129
130,300079.SZ,20180717,3.5734,3.6233,3.5535,3.6233,3.5934,0.029900000000000038,0.8321,149133.72,53715.733,3.5754,144411.204,3.542,162946.0565,4.0135,293119.034,130
131,300079.SZ,20180718,3.6333,3.6433,3.5734,3.5734,3.6233,-0.049900000000000055,-1.3772,127963.79,46265.451,3.5914,141656.212,3.545,156187.6125,4.0045,286537.6793,131
132,300079.SZ,20180719,3.5734,3.5934,3.4936,3.5135,3.5734,-0.05989999999999984,-1.6763,134241.05,47519.964,3.5754,131192.466,3.5505,152948.508,3.9934,283040.1263,132
133,300079.SZ,20180720,3.5036,3.5934,3.4936,3.5834,3.5135,0.06990000000000007,1.9895,113601.3,40431.907,3.5774,126715.45,3.5555,150423.7665,3.9826,277713.1722,133
134,300079.SZ,20180723,3.5734,3.6533,3.5535,3.6333,3.5834,0.049900000000000055,1.3925,166337.36,60210.382,3.5854,138255.444,3.5639,151853.5845,3.9709,270790.8967,134
135,300079.SZ,20180724,3.6133,3.7231,3.6034,3.6832,3.6333,0.04989999999999961,1.3734,247797.33,91118.188,3.5974,157988.166,3.5714,156871.532,3.9631,268982.7587,135
136,300079.SZ,20180725,3.6832,3.7731,3.6533,3.7731,3.6832,0.08990000000000009,2.4408,257751.43,95733.132,3.6373,183945.694,3.5844,163254.0695,3.9565,269693.1077,136
137,300079.SZ,20180726,3.9527,3.9827,3.7631,3.793,3.7731,0.01990000000000025,0.5274,439701.15,169724.296,3.6932,245037.714,3.5984,178669.6935,3.9518,272894.2135,137
138,300079.SZ,20180727,3.7331,3.783,3.6832,3.6832,3.793,-0.10980000000000034,-2.8948,209548.35,78311.755,3.7132,264227.124,3.6009,177824.577,3.9444,272331.7568,138
139,300079.SZ,20180730,3.6433,3.7132,3.6133,3.6533,3.6832,-0.029899999999999594,-0.8118,158133.75,57853.372,3.7172,262586.402,3.6054,175993.5545,3.9376,272549.0527,139
140,300079.SZ,20180731,3.6233,3.7032,3.6233,3.6932,3.6533,0.039899999999999824,1.0922,94633.55,34845.822,3.7192,231953.646,3.6069,170309.046,3.9291,269618.1738,140
141,300079.SZ,20180801,3.7032,3.7531,3.6133,3.6333,3.6932,-0.05989999999999984,-1.6219,144221.12,53314.169,3.6912,209247.584,3.6094,170282.837,3.9197,268099.6495,141
142,300079.SZ,20180802,3.6034,3.6633,3.3938,3.5235,3.6333,-0.10980000000000034,-3.022,197252.05,69751.818,3.6373,160757.764,3.6143,172018.6195,3.9092,268230.3087,142
143,300079.SZ,20180803,3.4936,3.5435,3.4437,3.4437,3.5235,-0.07979999999999965,-2.2648,117189.49,40891.465,3.5894,142285.992,3.6124,170046.17,3.8953,263196.7477,143
144,300079.SZ,20180806,3.4237,3.4936,3.3738,3.4536,3.4437,0.009899999999999576,0.2875,90870.67,31415.614,3.5495,128833.376,3.6054,167192.974,3.8828,260888.5712,144
145,300079.SZ,20180807,3.4437,3.5734,3.4437,3.5634,3.4536,0.10980000000000034,3.1793,101694.94,35824.74,3.5235,130245.654,3.6039,166149.6675,3.874,259051.9123,145
146,300079.SZ,20180808,3.5535,3.5734,3.4836,3.4836,3.5634,-0.0798000000000001,-2.2394,108445.0,38243.842,3.4936,123090.43,3.6034,164484.98,3.8616,256636.3712,146
147,300079.SZ,20180809,3.4836,3.6333,3.4736,3.5934,3.4836,0.1097999999999999,3.1519,153051.91,54956.186,3.5075,114250.402,3.6034,162809.5865,3.8526,255752.9713,147
148,300079.SZ,20180810,3.5834,3.6333,3.5734,3.6133,3.5934,0.01990000000000025,0.5538,122258.05,44135.331,3.5415,115264.114,3.6054,162123.17,3.8443,255318.4507,148
149,300079.SZ,20180813,3.5734,3.6633,3.5634,3.6533,3.6133,0.040000000000000036,1.107,124956.04,45160.736,3.5814,122081.188,3.6084,162939.1025,3.8359,254960.9207,149
150,300079.SZ,20180814,3.6333,3.6633,3.5934,3.6233,3.6533,-0.03000000000000025,-0.8212,100650.94,36520.349,3.5934,121872.388,3.6084,160514.9635,3.8256,251912.7168,150
151,300079.SZ,20180815,3.6233,3.6333,3.4936,3.5036,3.6233,-0.11969999999999992,-3.3036,124766.02,44438.479,3.5974,125136.592,3.6049,160355.075,3.8102,240555.4667,151
152,300079.SZ,20180816,3.4836,3.5435,3.4337,3.4936,3.5036,-0.010000000000000231,-0.2854,96949.68,33958.222,3.5774,113916.146,3.6039,158490.5065,3.7949,230802.444,152
153,300079.SZ,20180817,3.5235,3.5335,3.4237,3.4337,3.4936,-0.05989999999999984,-1.7146,98593.81,34360.086,3.5415,109183.298,3.5964,157740.132,3.7796,225945.2455,153
154,300079.SZ,20180820,3.4337,3.5036,3.4037,3.5036,3.4337,0.06990000000000007,2.0357,87405.91,30280.262,3.5116,101673.272,3.5899,153793.5595,3.764,220497.4412,154
155,300079.SZ,20180821,3.5135,3.7431,3.4936,3.6932,3.5036,0.1896,5.4116,370303.36,135358.902,3.5255,155603.756,3.5904,159918.861,3.7486,216103.2822,155
156,300079.SZ,20180822,3.6533,3.7231,3.6333,3.6832,3.6932,-0.010000000000000231,-0.2708,262515.91,96699.735,3.5615,183153.734,3.5859,160157.085,3.7352,209936.8783,156
157,300079.SZ,20180823,3.6932,3.7132,3.6034,3.6732,3.6832,-0.009999999999999787,-0.2715,227044.45,83181.048,3.5974,209172.688,3.5799,149524.25,3.7252,206595.7688,157
158,300079.SZ,20180824,3.6233,3.6732,3.6034,3.6233,3.6732,-0.049900000000000055,-1.3585,137030.31,49849.311,3.6353,216859.988,3.5769,145898.348,3.7098,201023.0858,158
159,300079.SZ,20180827,3.6333,3.7032,3.6233,3.6732,3.6233,0.049900000000000055,1.3772,162245.47,59665.186,3.6692,231827.9,3.5779,146103.934,3.6969,198319.104,159
160,300079.SZ,20180828,3.6732,3.7731,3.6533,3.6832,3.6732,0.009999999999999787,0.2722,192474.75,71249.314,3.6672,196262.178,3.5774,150995.994,3.6839,195338.1235,160
161,300079.SZ,20180829,3.6732,3.7231,3.6533,3.6533,3.6832,-0.029899999999999594,-0.8118,124716.41,45969.929,3.6612,168702.278,3.5784,150020.7585,3.6682,190933.1263,161
162,300079.SZ,20180830,3.6633,3.6832,3.5634,3.5634,3.6533,-0.08990000000000009,-2.4608,125255.0,45337.139,3.6393,148344.388,3.5804,146420.906,3.6513,181803.215,162
163,300079.SZ,20180831,3.5634,3.6034,3.4836,3.5335,3.5634,-0.029900000000000038,-0.8391,123513.9,43902.629,3.6213,145641.106,3.5849,146737.1265,3.6352,178263.8715,163
164,300079.SZ,20180903,3.5335,3.6533,3.4836,3.6533,3.5335,0.11980000000000013,3.3904,143353.14,51214.862,3.6173,141862.64,3.5949,149361.25,3.6222,176580.8032,164
165,300079.SZ,20180904,3.6333,3.6932,3.6133,3.6533,3.6533,0.0,0.0,161063.61,58943.837,3.6114,135580.412,3.5994,152329.6835,3.6095,175041.6377,165
166,300079.SZ,20180905,3.6433,3.7032,3.6034,3.6133,3.6533,-0.040000000000000036,-1.0949,155536.0,57049.615,3.6034,141744.33,3.6059,154684.2335,3.5977,172782.3658,166
167,300079.SZ,20180906,3.6133,3.7331,3.5934,3.6732,3.6133,0.05989999999999984,1.6578,224062.1,82502.008,3.6253,161505.75,3.6099,158234.743,3.5907,170297.5587,167
168,300079.SZ,20180907,3.6633,3.7531,3.6333,3.6932,3.6732,0.020000000000000018,0.5445,217011.55,80666.551,3.6573,180205.28,3.6138,162972.418,3.5861,169376.9427,168
169,300079.SZ,20180910,3.6633,3.7032,3.6034,3.6233,3.6932,-0.06990000000000007,-1.8927,133342.89,48771.875,3.6513,178203.23,3.6123,163391.7605,3.5843,165717.8167,169
170,300079.SZ,20180911,3.6233,3.7331,3.6133,3.7231,3.6233,0.09980000000000011,2.7544,182573.16,67233.984,3.6652,182505.14,3.6173,167487.8715,3.5892,163649.6305,170
171,300079.SZ,20180912,3.7132,3.7331,3.6633,3.6832,3.7231,-0.03990000000000027,-1.0717,142484.0,52743.462,3.6792,179894.74,3.6263,168373.7705,3.5921,161638.8193,171
172,300079.SZ,20180913,3.7132,3.7631,3.6633,3.7531,3.6832,0.06990000000000007,1.8978,215196.9,80046.064,3.6952,178121.7,3.6393,174286.1315,3.5979,161908.382,172
173,300079.SZ,20180914,3.7331,3.7631,3.6932,3.6932,3.7531,-0.05989999999999984,-1.596,166011.2,61918.422,3.6952,167921.63,3.6523,177657.001,3.6014,161940.2998,173
174,300079.SZ,20180917,3.6533,3.7032,3.6333,3.6932,3.6932,0.0,0.0,110299.52,40513.082,3.7092,163312.956,3.6617,178801.6815,3.6052,161482.9418,174
175,300079.SZ,20180918,3.6732,3.7631,3.6633,3.7531,3.6932,0.05989999999999984,1.6219,163101.89,60893.009,3.7152,159418.702,3.6647,168441.608,3.6089,161744.0003,175
176,300079.SZ,20180919,3.7431,3.813,3.7231,3.7431,3.7531,-0.009999999999999787,-0.2664,197599.09,74645.789,3.7271,170441.72,3.6677,165195.767,3.6127,162868.9738,176
177,300079.SZ,20180920,3.7231,3.783,3.7132,3.7231,3.7431,-0.020000000000000018,-0.5343,127367.59,47741.517,3.7211,152875.858,3.6702,160211.924,3.6162,162801.9558,177
178,300079.SZ,20180921,3.7431,3.7731,3.7331,3.7431,3.7231,0.020000000000000018,0.5372,150980.0,56824.176,3.7311,149869.618,3.6762,160909.4085,3.618,161544.1112,178
179,300079.SZ,20180925,3.7431,3.783,3.7231,3.7731,3.7431,0.029999999999999805,0.8015,98446.6,37084.705,3.7471,147499.034,3.6812,157719.465,3.6215,159938.9845,179
180,300079.SZ,20180926,3.7431,3.793,3.6932,3.7132,3.7731,-0.05989999999999984,-1.5876,147404.26,55385.784,3.7391,144359.508,3.6827,155465.9405,3.6223,158923.6602,180
181,300079.SZ,20180927,3.7132,3.7231,3.6034,3.6034,3.7132,-0.1097999999999999,-2.957,174114.02,63962.331,3.7112,139662.494,3.6802,157935.821,3.6227,159413.1388,181
182,300079.SZ,20180928,3.5934,3.6333,3.5734,3.6034,3.6034,0.0,0.0,133018.02,47971.664,3.6872,140792.58,3.6822,158323.972,3.6257,158921.1658,182
183,300079.SZ,20181008,3.5435,3.5535,3.3938,3.4137,3.6034,-0.1897000000000002,-5.2645,165786.43,57783.795,3.6214,143753.866,3.6762,160437.5985,3.6245,159073.6317,183
184,300079.SZ,20181009,3.4337,3.4536,3.4037,3.4437,3.4137,0.03000000000000025,0.8788,78611.62,26992.906,3.5555,139786.87,3.6658,157200.5225,3.622,157918.2488,184
185,300079.SZ,20181010,3.4337,3.4536,3.4137,3.4337,3.4437,-0.010000000000000231,-0.2904,50088.0,17235.701,3.4996,120323.618,3.6548,151651.742,3.6193,156710.3643,185
186,300079.SZ,20181011,3.284,3.3339,3.0943,3.0943,3.4337,-0.3393999999999999,-9.8844,234380.13,74983.138,3.3978,132376.84,3.6288,155593.9485,3.6127,158254.3873,186
187,300079.SZ,20181012,3.0444,3.0943,2.8947,2.9645,3.0943,-0.12979999999999992,-4.1948,216484.99,65223.213,3.27,149070.234,3.5934,155215.093,3.6022,158753.1408,187
188,300079.SZ,20181015,3.0045,3.0344,2.9346,2.9546,2.9645,-0.00990000000000002,-0.334,108315.0,32539.266,3.1782,137575.948,3.5565,149780.2655,3.5919,158291.9512,188
189,300079.SZ,20181016,2.9546,3.0145,2.8547,2.8647,2.9546,-0.08990000000000009,-3.0427,107352.62,31551.859,3.0624,143324.148,3.5185,148480.752,3.5797,158270.5383,189
190,300079.SZ,20181017,2.9246,2.9745,2.8348,2.9546,2.8647,0.08990000000000009,3.1382,143639.0,41997.502,2.9665,162034.348,3.4801,146534.044,3.5686,158178.9597,190
191,300079.SZ,20181018,2.9246,2.9645,2.8847,2.9146,2.9546,-0.040000000000000036,-1.3538,99142.3,29104.14,2.9306,134986.782,3.4417,144366.959,3.5576,157698.6015,191
192,300079.SZ,20181019,2.8847,3.0244,2.8647,3.0145,2.9146,0.09989999999999988,3.4276,140041.82,41635.475,2.9406,119698.148,3.4047,140609.205,3.5493,157795.281,192
193,300079.SZ,20181022,3.0544,3.2241,3.0145,3.1642,3.0145,0.14970000000000017,4.966,222983.02,70077.856,2.9825,142631.752,3.3783,143457.796,3.5423,159618.3097,193
194,300079.SZ,20181023,3.1642,3.1742,3.0743,3.0943,3.1642,-0.06990000000000007,-2.2091,145142.78,45224.56,3.0284,150189.784,3.3483,145199.959,3.5333,159265.0667,194
195,300079.SZ,20181024,3.0943,3.1442,3.0843,3.1043,3.0943,0.009999999999999787,0.3232,94317.11,29376.774,3.0584,140325.406,3.3159,141760.72,3.5237,156707.063,195
196,300079.SZ,20181025,3.0045,3.1043,2.9645,3.0843,3.1043,-0.020000000000000018,-0.6443,123207.0,37295.198,3.0923,145138.346,3.283,138041.1155,3.5122,154464.6558,196
197,300079.SZ,20181026,3.0843,3.1742,3.0743,3.1043,3.0843,0.020000000000000018,0.6484,137835.04,43193.026,3.1103,144696.99,3.252,138564.488,3.5007,149433.554,197
198,300079.SZ,20181029,3.0644,3.1442,3.0644,3.1143,3.1043,0.010000000000000231,0.3221,77053.61,23971.037,3.1003,115511.108,3.2206,134868.1685,3.4912,147225.3083,198
199,300079.SZ,20181030,3.1242,3.1542,3.0045,3.1242,3.1143,0.00990000000000002,0.3179,116578.56,36049.312,3.1063,109798.264,3.1881,135774.7665,3.4824,146532.7218,199
200,300079.SZ,20181031,3.1442,3.1742,3.1043,3.1342,3.1242,0.009999999999999787,0.3201,107854.58,33935.914,3.1123,112505.758,3.1592,133797.2825,3.4731,146753.0723,200
201,300079.SZ,20181101,3.1542,3.2041,3.1342,3.1442,3.1342,0.010000000000000231,0.3191,155043.97,49245.645,3.1242,118873.152,3.1362,132843.78,3.465,146933.4532,201
202,300079.SZ,20181102,3.1742,3.2241,3.1542,3.2141,3.1442,0.06990000000000007,2.2231,195232.04,62453.163,3.1462,130352.552,3.1168,135954.481,3.4598,146899.7863,202
203,300079.SZ,20181105,3.2041,3.244,3.1642,3.2041,3.2141,-0.010000000000000231,-0.3111,164745.66,52872.982,3.1642,147890.962,3.1063,135902.4425,3.4558,147692.3892,203
204,300079.SZ,20181106,3.2041,3.2041,3.1143,3.1742,3.2041,-0.029900000000000038,-0.9332,180489.94,56992.709,3.1742,160673.238,3.0928,140996.3585,3.4511,149186.0437,204
205,300079.SZ,20181107,3.1742,3.254,3.1542,3.1841,3.1742,0.00990000000000002,0.3119,201999.94,64936.345,3.1841,179502.31,3.0803,148591.9555,3.4448,150857.7937,205
206,300079.SZ,20181108,3.2241,3.234,3.1642,3.1742,3.1841,-0.00990000000000002,-0.3109,142576.62,45646.132,3.1901,177008.84,3.0843,144001.78,3.4397,151426.654,206
207,300079.SZ,20181109,3.1742,3.2141,3.1542,3.2041,3.1742,0.029900000000000038,0.942,112310.16,35850.297,3.1881,160424.464,3.0963,138793.0385,3.4332,150747.6248,207
208,300079.SZ,20181112,3.2041,3.3139,3.1841,3.3039,3.2041,0.09980000000000011,3.1148,210976.76,68957.307,3.2081,169670.684,3.1138,143926.1265,3.428,152226.27,208
209,300079.SZ,20181113,3.264,3.4237,3.254,3.4037,3.3039,0.09980000000000011,3.0207,350586.54,118046.069,3.254,203690.004,3.1407,156087.8225,3.4239,155986.7783,209
210,300079.SZ,20181114,3.3838,3.4337,3.3438,3.3538,3.4037,-0.049900000000000055,-1.4661,254142.3,86191.599,3.2879,214118.476,3.1607,161612.9875,3.4194,158544.9677,210
211,300079.SZ,20181115,3.3738,3.4337,3.3438,3.4037,3.3538,0.049900000000000055,1.4879,219545.12,74637.109,3.3338,229512.176,3.1851,167633.1285,3.4177,160124.6193,211
212,300079.SZ,20181116,3.3938,3.4736,3.3938,3.4137,3.4037,0.009999999999999787,0.2938,208012.0,71449.28,3.3758,248652.544,3.2051,171031.6375,3.4164,161975.658,212
213,300079.SZ,20181119,3.4137,3.4337,3.3538,3.3638,3.4137,-0.049900000000000055,-1.4618,212673.54,72096.008,3.3877,248991.9,3.2151,170516.1635,3.4152,163876.9868,213
214,300079.SZ,20181120,3.3738,3.4536,3.3438,3.3438,3.3638,-0.020000000000000018,-0.5946,257313.95,87490.132,3.3758,230337.382,3.2275,176124.722,3.4125,166708.7875,214
215,300079.SZ,20181121,3.2939,3.3638,3.284,3.3438,3.3438,0.0,0.0,226661.95,75397.46,3.3738,224841.312,3.2395,182741.964,3.4067,164314.764,215
216,300079.SZ,20181122,3.3339,3.3738,3.3339,3.3438,3.3438,0.0,0.0,130817.33,43906.889,3.3618,207095.754,3.2525,183122.4805,3.4011,162119.7877,216
217,300079.SZ,20181123,3.3538,3.3638,3.1143,3.1242,3.3438,-0.2195999999999998,-6.5674,268185.71,85969.265,3.3039,219130.496,3.2535,189640.014,3.3919,162805.4753,217
218,300079.SZ,20181126,3.1242,3.1742,3.1143,3.1342,3.1242,0.009999999999999787,0.3201,128788.65,40575.361,3.258,202353.518,3.2545,192226.766,3.3838,162668.1143,218
219,300079.SZ,20181127,3.1542,3.2241,3.1342,3.1841,3.1342,0.049900000000000055,1.5921,122313.08,38996.385,3.226,175353.344,3.2575,192513.492,3.3756,162002.5745,219
220,300079.SZ,20181128,3.1841,3.5036,3.1742,3.4037,3.1841,0.21960000000000024,6.8968,567977.61,192124.327,3.238,243616.476,3.271,215519.6435,3.371,168260.9555,220
221,300079.SZ,20181129,3.4536,3.5235,3.3239,3.3239,3.4037,-0.0798000000000001,-2.3445,574245.73,196286.123,3.234,332302.156,3.2799,236479.7315,3.3655,175753.1108,221
222,300079.SZ,20181130,3.274,3.2939,3.1542,3.264,3.3239,-0.059900000000000286,-1.8021,371507.65,120528.929,3.262,352966.544,3.2824,245293.512,3.3605,179857.3217,222
223,300079.SZ,20181203,3.4437,3.4736,3.3438,3.3738,3.264,0.10980000000000034,3.364,349834.03,118879.04,3.3099,397175.62,3.2909,254547.9305,3.3578,183629.3238,223
224,300079.SZ,20181204,3.3538,3.7132,3.3438,3.5535,3.3738,0.17969999999999997,5.3263,680277.13,241555.138,3.3838,508768.43,3.3099,279537.29,3.3562,192578.057,224
225,300079.SZ,20181205,3.4936,3.9128,3.4736,3.7032,3.5535,0.14969999999999972,4.2127,916426.0,340011.06,3.4437,578458.108,3.3358,315258.593,3.357,205167.4302,225
226,300079.SZ,20181206,3.6533,3.6732,3.4437,3.4636,3.7032,-0.2395999999999998,-6.4701,636334.07,225526.821,3.4716,590875.776,3.3503,339946.4655,3.3545,213180.7313,226
227,300079.SZ,20181207,3.5135,3.5435,3.4137,3.4237,3.4636,-0.039899999999999824,-1.152,324159.39,112901.859,3.5036,581406.124,3.3613,350538.927,3.3503,214849.0195,227
228,300079.SZ,20181210,3.4037,3.5036,3.3538,3.4536,3.4237,0.029899999999999594,0.8733,340064.2,117076.649,3.5195,579452.158,3.3688,356993.299,3.3463,216899.897,228
229,300079.SZ,20181211,3.4536,3.6034,3.4437,3.5634,3.4536,0.10980000000000034,3.1793,420868.36,149115.926,3.5215,527570.404,3.3768,360507.39,3.3453,221691.9882,229
230,300079.SZ,20181212,3.5634,3.5634,3.4437,3.4636,3.5634,-0.09980000000000011,-2.8007,254272.0,88882.91,3.4736,395139.604,3.3823,360513.875,3.341,222886.9688,230
231,300079.SZ,20181213,3.4936,3.5235,3.4337,3.4836,3.4636,0.020000000000000018,0.5774,196786.53,68742.686,3.4776,307230.096,3.3862,359375.9455,3.3377,223792.011,231
232,300079.SZ,20181214,3.4536,3.4736,3.3239,3.3438,3.4836,-0.13980000000000015,-4.0131,230206.68,78277.166,3.4616,288439.554,3.3828,360485.6795,3.3309,224042.174,232
233,300079.SZ,20181217,3.3139,3.3838,3.3039,3.3738,3.3438,0.03000000000000025,0.8972,126923.56,42576.9,3.4456,245811.426,3.3833,356198.1805,3.3255,223390.7133,233
234,300079.SZ,20181218,3.3239,3.3838,3.2939,3.3239,3.3738,-0.049900000000000055,-1.479,155990.35,52098.216,3.3977,192835.824,3.3823,351132.0005,3.3194,224152.2272,234
235,300079.SZ,20181219,3.3239,3.3438,3.244,3.254,3.3239,-0.06990000000000007,-2.103,131769.42,43399.691,3.3558,168335.308,3.3778,346387.374,3.3111,223630.0193,235
236,300079.SZ,20181220,3.254,3.3039,3.244,3.3039,3.254,0.049900000000000055,1.5335,116715.72,38327.277,3.3199,152321.146,3.3758,345682.2935,3.3037,222281.9632,236
237,300079.SZ,20181221,3.284,3.3039,3.264,3.2939,3.3039,-0.010000000000000231,-0.3027,108605.07,35717.94,3.3099,128000.824,3.3843,337703.2615,3.2966,221969.2545,237
238,300079.SZ,20181224,3.3039,3.3738,3.274,3.3638,3.2939,0.06990000000000007,2.1221,134500.63,44979.398,3.3079,129516.238,3.3957,337988.8605,3.2903,221694.5983,238
239,300079.SZ,20181225,3.3339,3.3339,3.1642,3.3139,3.3638,-0.049900000000000055,-1.4834,211783.75,69141.142,3.3059,140674.918,3.4022,342462.394,3.2826,223583.5508,239
240,300079.SZ,20181226,3.3339,3.4337,3.3039,3.3738,3.3139,0.059900000000000286,1.8075,209469.79,70615.554,3.3299,156214.992,3.4007,324537.003,3.277,224617.9763,240
241,300079.SZ,20181227,3.4237,3.4536,3.3139,3.3139,3.3738,-0.059900000000000286,-1.7754,168901.68,57334.789,3.3319,166652.184,3.4002,304269.8005,3.2721,224531.104,241
242,300079.SZ,20181228,3.3039,3.3438,3.254,3.284,3.3139,-0.029900000000000038,-0.9023,118882.32,39239.388,3.3299,168707.634,3.4012,291638.534,3.2668,224295.509,242
243,300079.SZ,20190102,3.2939,3.3239,3.264,3.284,3.284,0.0,0.0,111411.04,36737.779,3.3139,164089.716,3.3967,279717.3845,3.2647,223389.2525,243
244,300079.SZ,20190103,3.284,3.3638,3.244,3.284,3.284,0.0,0.0,125434.32,41664.877,3.3079,146819.83,3.3833,251975.244,3.262,224169.6308,244
245,300079.SZ,20190104,3.254,3.4137,3.1941,3.4037,3.284,0.11970000000000036,3.6449,254817.46,85300.56,3.3139,155889.364,3.3683,218894.817,3.2615,227581.7885,245
246,300079.SZ,20190107,3.4037,3.5135,3.3838,3.5135,3.4037,0.1097999999999999,3.2259,312873.47,108382.031,3.3538,184683.722,3.3708,202721.787,3.2685,228890.0108,246
247,300079.SZ,20190108,3.5435,3.6732,3.4636,3.5734,3.5135,0.05989999999999984,1.7049,495681.15,177202.026,3.4117,260043.488,3.3783,211297.875,3.2786,233543.2802,247
248,300079.SZ,20190109,3.5435,3.6133,3.5036,3.5036,3.5734,-0.06979999999999986,-1.9533,347203.68,123806.866,3.4556,307202.016,3.3808,211654.849,3.2878,237524.7582,248
249,300079.SZ,20190110,3.5135,3.5634,3.4736,3.5135,3.5036,0.00990000000000002,0.2826,221149.25,77826.409,3.5015,326345.002,3.3783,201668.8935,3.2986,239421.3687,249
250,300079.SZ,20190111,3.5235,3.5934,3.5036,3.5335,3.5135,0.020000000000000018,0.5692,228328.8,80934.821,3.5275,321047.27,3.3818,200371.7335,3.3082,240832.8653,250
251,300079.SZ,20190114,3.5734,3.6333,3.5135,3.5335,3.5335,0.0,0.0,205538.64,73462.881,3.5315,299580.304,3.3843,200809.339,3.3186,242606.1377,251
252,300079.SZ,20190115,3.5135,3.8829,3.5036,3.8829,3.5335,0.3493999999999997,9.8882,595354.68,223277.765,3.5934,319515.01,3.4112,219066.739,3.333,250194.6853,252
253,300079.SZ,20190116,3.9028,3.9128,3.7231,3.7231,3.8829,-0.15979999999999972,-4.1155,758560.44,289686.676,3.6373,401786.362,3.4287,250648.583,3.3423,259120.9757,253
254,300079.SZ,20190117,3.793,3.823,3.6732,3.7431,3.7231,0.020000000000000018,0.5372,481847.86,180864.86,3.6832,453926.084,3.4497,266941.4585,3.3532,264732.727,254
255,300079.SZ,20190118,3.7132,3.7531,3.6333,3.6433,3.7431,-0.09980000000000011,-2.6662,343106.99,126230.604,3.7052,476881.722,3.4691,277508.337,3.3621,268879.225,255
256,300079.SZ,20190121,3.6633,3.7731,3.6333,3.7132,3.6433,0.06990000000000007,1.9186,322432.53,120116.75,3.7411,500260.5,3.4896,287794.1775,3.3726,272199.6505,256
257,300079.SZ,20190122,3.7331,3.8729,3.6533,3.6732,3.7132,-0.040000000000000036,-1.0772,358824.65,134738.198,3.6992,452954.494,3.5085,300305.1565,3.3821,275882.8107,257
258,300079.SZ,20190123,3.6533,3.7631,3.6333,3.7331,3.6732,0.05989999999999984,1.6307,251403.89,92925.934,3.7012,351523.184,3.527,306150.3195,3.3924,278788.6487,258
259,300079.SZ,20190124,3.7032,3.793,3.6932,3.7132,3.7331,-0.019899999999999807,-0.5331,256422.0,96024.467,3.6952,306438.012,3.547,308382.232,3.4022,281119.3727,259
260,300079.SZ,20190125,3.7231,3.7531,3.5834,3.5934,3.7132,-0.11980000000000013,-3.2263,244889.59,89970.94,3.6852,286794.532,3.558,310153.222,3.4099,283403.2895,260
261,300079.SZ,20190128,3.6333,3.6633,3.5734,3.6233,3.5934,0.029900000000000038,0.8321,159002.94,57665.073,3.6672,254108.614,3.5734,309658.285,3.4179,283469.2723,261
262,300079.SZ,20190129,3.6034,3.6932,3.5135,3.6233,3.6233,0.0,0.0,229116.61,82590.187,3.6573,228167.006,3.5904,315169.9995,3.4247,284034.0152,262
263,300079.SZ,20190130,3.6034,3.7032,3.6034,3.6333,3.6233,0.010000000000000231,0.276,222059.05,81513.994,3.6373,222298.038,3.6079,320702.4,3.4318,284989.2383,263
264,300079.SZ,20190131,3.6233,3.6932,3.5834,3.6433,3.6333,0.009999999999999787,0.2752,220582.26,80452.844,3.6233,215130.09,3.6258,325459.797,3.4397,285657.4437,264
265,300079.SZ,20190201,3.6832,3.813,3.6533,3.793,3.6433,0.14970000000000017,4.1089,335662.63,126009.992,3.6632,233284.698,3.6453,329502.0555,3.4498,287885.1552,265
266,300079.SZ,20190211,3.793,3.8629,3.7631,3.8429,3.793,0.049900000000000055,1.3156,389469.87,148831.261,3.7072,279378.084,3.6618,333331.8755,3.461,292000.0427,266
267,300079.SZ,20190212,3.813,3.8429,3.783,3.8329,3.8429,-0.010000000000000231,-0.2602,290618.22,110982.548,3.7491,291678.406,3.6747,323078.729,3.4714,294971.8437,267
268,300079.SZ,20190213,3.8429,4.0326,3.803,3.8829,3.8329,0.04999999999999982,1.3045,515312.68,201851.177,3.799,350329.132,3.6937,331484.179,3.4811,300044.109,268
269,300079.SZ,20190214,3.8529,4.0326,3.8329,3.9527,3.8829,0.0698000000000003,1.7976,573163.82,225409.631,3.8609,420845.444,3.7157,349084.9075,3.4902,303753.7303,269
270,300079.SZ,20190215,3.9328,4.0026,3.8928,3.9028,3.9527,-0.049900000000000055,-1.2624,377090.05,148919.883,3.8828,429130.928,3.7341,356522.97,3.4994,305802.8595,270
271,300079.SZ,20190218,3.9427,4.0326,3.9128,4.0126,3.9028,0.1097999999999999,2.8134,436018.92,173860.184,3.9168,438440.738,3.7581,368046.984,3.5095,309410.7562,271
272,300079.SZ,20190219,4.0126,4.0226,3.9028,3.9527,4.0126,-0.05989999999999984,-1.4928,445789.11,177125.34,3.9407,469474.916,3.7616,360568.7055,3.5185,313373.708,272
273,300079.SZ,20190220,3.9527,3.9827,3.8729,3.9527,3.9527,0.0,0.0,293743.07,115283.78,3.9547,425160.994,3.773,337327.837,3.5283,314724.8668,273
274,300079.SZ,20190221,3.9328,4.0326,3.8429,3.8928,3.9527,-0.059900000000000286,-1.5154,527299.79,209411.367,3.9427,415988.188,3.7805,339600.4335,3.5375,319224.6308,274
275,300079.SZ,20190222,3.8729,4.0026,3.8429,3.9927,3.8928,0.09990000000000032,2.5663,439009.68,173578.679,3.9607,428372.114,3.798,344395.568,3.5483,322763.7597,275
276,300079.SZ,20190225,4.1124,4.2322,4.0026,4.1923,3.9927,0.19960000000000022,4.9991,838760.56,346138.788,3.9966,508920.442,3.822,370211.9695,3.5624,334562.8135,276
277,300079.SZ,20190226,4.1524,4.342,4.1124,4.1324,4.1923,-0.05990000000000073,-1.4288,721742.96,303372.205,4.0326,564111.212,3.8449,388357.885,3.5792,342122.101,277
278,300079.SZ,20190227,4.1124,4.2522,4.0925,4.1524,4.1324,0.020000000000000462,0.484,504493.32,210981.128,4.0725,606261.262,3.8659,401012.3565,3.5962,348383.8455,278
279,300079.SZ,20190228,4.1424,4.2322,4.1324,4.2023,4.1524,0.049900000000000055,1.2017,349348.02,146163.403,4.1344,570670.908,3.8903,405658.6575,3.6132,352167.7612,279
280,300079.SZ,20190301,4.2222,4.2622,4.1124,4.1923,4.2023,-0.009999999999999787,-0.238,295310.03,123474.264,4.1743,541930.978,3.9203,408179.6795,3.6263,347623.3015,280
281,300079.SZ,20190304,4.6115,4.6115,4.6115,4.6115,4.1923,0.4192,9.9993,109926.25,50785.927,4.2582,396164.116,3.9697,405725.845,3.6478,339884.6435,281
282,300079.SZ,20190305,5.0707,5.0707,5.0707,5.0707,4.6115,0.45920000000000005,9.9577,81602.12,41453.876,4.4458,268135.948,4.0421,398350.1205,3.6779,335052.8847,282
283,300079.SZ,20190306,5.5797,5.5797,5.5797,5.5797,5.0707,0.5089999999999995,10.0381,29740.27,16624.81,4.7313,173185.338,4.1394,388734.1815,3.7147,329717.9887,283
284,300079.SZ,20190307,6.1387,6.1387,6.1387,6.1387,5.5797,0.5590000000000002,10.0185,32840.23,20196.741,5.1186,109883.78,4.2641,379347.08,3.7577,318927.3737,284
285,300079.SZ,20190308,6.7576,6.7576,6.7576,6.7576,6.1387,0.6189,10.0819,263689.26,178517.629,5.6316,103559.626,4.4124,375748.4115,3.8087,308048.428,285
286,300079.SZ,20190311,7.4363,7.4363,6.5779,7.0171,6.7576,0.25950000000000006,3.8401,4104323.99,2942569.664,6.1128,902439.174,4.5711,561491.1175,3.8679,365848.26,286
287,300079.SZ,20190312,7.1668,7.7158,7.0271,7.7158,7.0171,0.6986999999999997,9.9571,3665369.1,2768651.916,6.6418,1619192.57,4.7652,730228.6615,3.9394,421535.0885,287
288,300079.SZ,20190313,7.8855,8.0851,6.9472,6.9472,7.7158,-0.7686000000000002,-9.9614,3552431.18,2612315.334,6.9153,2323730.752,4.9184,882084.5865,3.9976,475074.5382,288
289,300079.SZ,20190314,6.4881,6.5879,6.2485,6.2984,6.9472,-0.6487999999999996,-9.339,1948137.87,1237896.185,6.9472,2706790.28,5.0357,950833.289,4.0432,500529.03,289
290,300079.SZ,20190315,6.4382,6.498,6.0489,6.2784,6.2984,-0.019999999999999574,-0.3175,1358225.4,854339.5,6.8514,2925697.508,5.1545,999890.0565,4.0901,518928.2533,290
291,300079.SZ,20190318,6.3084,6.3583,6.0089,6.2884,6.2784,0.009999999999999787,0.1593,1206176.13,749401.193,6.7056,2346067.936,5.2683,1038397.917,4.1369,535751.4133,291
292,300079.SZ,20190319,6.1886,6.9173,6.1387,6.8474,6.2884,0.5590000000000002,8.8894,2235927.23,1481106.022,6.532,2060179.562,5.413,1127904.823,4.1953,569180.0892,292
293,300079.SZ,20190320,6.6178,6.7077,6.2285,6.4781,6.8474,-0.36929999999999996,-5.3933,1496857.66,974783.585,6.4381,1649064.858,5.5393,1188060.5525,4.247,592012.3242,293
294,300079.SZ,20190321,6.6078,6.8474,6.498,6.5679,6.4781,0.08979999999999944,1.3862,1493602.02,1001158.611,6.492,1558157.688,5.6731,1236375.664,4.3011,614305.852,294
295,300079.SZ,20190322,6.2485,6.4681,6.1986,6.4681,6.5679,-0.09980000000000011,-1.5195,1216653.31,771816.747,6.53,1529843.27,5.7968,1275257.8455,4.3547,632387.2502,295
296,300079.SZ,20190325,6.3383,7.057,6.2984,6.6777,6.4681,0.2096,3.2405,1540536.53,1042283.916,6.6078,1596715.35,5.9211,1310346.644,4.4109,656117.597,296
297,300079.SZ,20190326,6.6877,7.2467,6.5579,6.8075,6.6777,0.12980000000000036,1.9438,1580765.16,1093422.64,6.5999,1465682.936,6.0549,1353297.754,4.4694,680653.5985,297
298,300079.SZ,20190327,6.9772,7.4862,6.1886,7.3465,6.8075,0.5389999999999997,7.9177,2989224.37,2133724.679,6.7735,1764156.278,6.2146,1477534.3065,4.5358,728232.3275,298
299,300079.SZ,20190328,7.1269,8.0851,7.037,8.0851,7.3465,0.7386000000000008,10.0538,3421471.09,2686554.542,7.077,2149730.092,6.4087,1631140.46,4.6153,781727.1165,299
300,300079.SZ,20190329,8.0751,8.3646,7.4862,7.6359,8.0851,-0.44920000000000027,-5.5559,3476945.62,2729192.014,7.3105,2601788.554,6.5809,1790222.2395,4.6864,836185.047,300
301,300079.SZ,20190401,7.5761,8.4045,7.5461,8.4045,7.6359,0.7686000000000002,10.0656,2563638.7,2032786.713,7.6559,2806408.988,6.7705,1912907.862,4.7712,876097.3307,301
302,300079.SZ,20190402,8.674,9.1831,8.0751,8.135,8.4045,-0.26950000000000074,-3.2066,3251121.15,2828071.073,7.9214,3140480.186,6.9237,2071383.8135,4.8521,928301.3112,302
303,300079.SZ,20190403,7.7957,8.0252,7.6559,7.7657,8.135,-0.36929999999999996,-4.5396,1696743.51,1329149.587,8.0052,2881984.014,7.033,2154733.9755,4.9268,954723.519,303
304,300079.SZ,20190404,7.7957,8.0452,7.586,7.7757,7.7657,0.009999999999999787,0.1288,1220051.87,954012.504,7.9434,2441700.17,7.1149,2214094.5575,5.0016,972967.1448,304
305,300079.SZ,20190408,7.7857,7.9653,7.3066,7.4663,7.7757,-0.30939999999999923,-3.9791,1117719.17,852628.943,7.9094,1969854.88,7.1503,2256796.053,5.0693,987348.84,305
306,300079.SZ,20190409,7.4663,7.7557,7.3165,7.6859,7.4663,0.2195999999999998,2.9412,903509.2,687231.763,7.7657,1637828.98,7.1838,2096755.3135,5.1389,997192.7688,306
307,300079.SZ,20190410,7.5162,7.616,7.2866,7.4164,7.6859,-0.26949999999999985,-3.5064,890037.33,662074.059,7.622,1165612.216,7.1688,1957988.725,5.2029,1003765.3718,307
308,300079.SZ,20190411,7.3465,7.5062,7.2067,7.2067,7.4164,-0.20970000000000066,-2.8275,715585.57,525046.192,7.5102,969380.628,7.1818,1816146.4445,5.2646,1009905.07,308
309,300079.SZ,20190412,7.1668,7.3165,7.047,7.3066,7.2067,0.09990000000000077,1.3862,708135.85,510643.931,7.4164,866997.424,7.2322,1754146.3435,5.3279,1018021.5133,309
310,300079.SZ,20190415,7.586,7.6359,7.087,7.087,7.3066,-0.21960000000000068,-3.0055,728498.55,540353.737,7.3405,789153.3,7.2726,1722660.001,5.3871,1026357.6758,310
311,300079.SZ,20190416,6.9672,7.1968,6.7875,7.1568,7.087,0.06979999999999986,0.9849,797017.7,559743.233,7.2347,767855.0,7.316,1702202.0795,5.4475,1036215.6602,311
312,300079.SZ,20190417,7.1568,7.7258,7.0969,7.5062,7.1568,0.34940000000000015,4.8821,1269032.06,948872.543,7.2527,843653.946,7.349,1653857.321,5.5079,1047443.6165,312
313,300079.SZ,20190418,7.4064,7.4263,7.1868,7.2267,7.5062,-0.27949999999999964,-3.7236,721284.05,529014.38,7.2567,844793.642,7.3864,1615078.6405,5.5663,1046822.3433,313
314,300079.SZ,20190419,7.1668,7.2566,7.047,7.1369,7.2267,-0.08980000000000032,-1.2426,541502.93,386884.12,7.2227,811467.058,7.4149,1567473.686,5.6228,1047816.5945,314
315,300079.SZ,20190422,7.1868,7.2467,7.047,7.067,7.1369,-0.06989999999999963,-0.9794,428293.16,306585.741,7.2187,751425.98,7.4448,1528055.6785,5.6799,1049236.364,315
316,300079.SZ,20190423,7.0171,7.067,6.3882,6.518,7.067,-0.5490000000000004,-7.7685,774554.91,529067.423,7.091,746933.422,7.4368,1489756.5975,5.7266,1056771.737,316
317,300079.SZ,20190424,6.6178,6.8075,6.4881,6.7576,6.518,0.23960000000000026,3.676,704340.04,471115.0,6.9412,633995.018,7.4343,1445935.3415,5.778,1062530.3268,317
318,300079.SZ,20190425,6.7376,6.9173,6.3783,6.4082,6.7576,-0.34940000000000015,-5.1705,600298.71,400513.37,6.7775,609797.95,7.3874,1326489.0585,5.8226,1068345.2405,318
319,300079.SZ,20190426,6.4182,6.9472,6.4082,6.6378,6.4082,0.22960000000000047,3.5829,871812.98,585673.792,6.6777,675859.96,7.315,1199006.153,5.8714,1078601.7568,319
320,300079.SZ,20190429,6.7376,6.7975,5.979,5.989,6.6378,-0.6488000000000005,-9.7743,946642.76,594473.916,6.4621,779529.88,7.2327,1072491.01,5.9113,1090297.643,320
321,300079.SZ,20190430,5.959,6.3383,5.959,6.2585,5.989,0.26949999999999985,4.4999,710491.88,441932.929,6.4102,766717.274,7.1254,979833.669,5.9552,1099489.1253,321
322,300079.SZ,20190506,6.1387,6.5879,5.7394,6.0089,6.2585,-0.24960000000000004,-3.9882,1085444.37,675760.922,6.2605,842938.14,7.0191,871549.83,5.995,1113761.2547,322
323,300079.SZ,20190507,5.999,6.1587,5.44,5.6995,6.0089,-0.3094000000000001,-5.149,1072614.5,626418.057,6.1187,937401.298,6.9158,840343.3795,6.0294,1127937.1788,323
324,300079.SZ,20190508,5.5298,5.8792,5.4799,5.6396,5.6995,-0.05989999999999984,-1.051,747985.54,427825.957,5.9191,912635.81,6.809,816740.063,6.0627,1136727.2335,324
325,300079.SZ,20190509,5.6396,6.0489,5.6197,5.8692,5.6396,0.22960000000000047,4.0712,948129.14,553116.978,5.8951,912933.086,6.7291,808260.5615,6.0973,1146935.0087,325
326,300079.SZ,20190510,5.8792,6.1587,5.6197,6.1187,5.8692,0.2494999999999994,4.251,1178345.45,706245.07,5.8672,1006503.8,6.6508,822002.374,6.1352,1160082.935,326
327,300079.SZ,20190513,6.0289,6.1387,5.9091,5.959,6.1187,-0.15969999999999995,-2.61,603294.39,362963.493,5.8572,910073.804,6.5779,807665.227,6.1706,1165294.2045,327
328,300079.SZ,20190514,5.8792,6.2186,5.8293,6.1287,5.959,0.16970000000000063,2.8478,1002782.17,608685.604,5.943,896107.338,6.524,822025.057,6.2081,1173418.696,328
329,300079.SZ,20190515,6.1587,6.2186,6.0688,6.2086,6.1287,0.07989999999999942,1.3037,855013.87,525656.144,6.0568,917513.004,6.4691,829368.958,6.2457,1178116.1968,329
330,300079.SZ,20190516,6.1487,6.1686,5.9491,5.999,6.2086,-0.2096,-3.376,684483.84,414084.712,6.0828,864783.944,6.4147,827168.2225,6.2806,1183239.4267,330
331,300079.SZ,20190517,6.0189,6.0588,5.6596,5.6795,5.999,-0.3194999999999997,-5.3259,667628.69,389029.611,5.995,762640.592,6.3408,820698.772,6.3084,1187099.5895,331
332,300079.SZ,20190520,5.7195,5.7893,5.44,5.7494,5.6795,0.06989999999999963,1.2307,463629.13,261113.617,5.953,734707.54,6.253,780428.6255,6.3383,1187396.9232,332
333,300079.SZ,20190521,5.6995,5.989,5.6696,5.8991,5.7494,0.14970000000000017,2.6037,571591.97,334806.58,5.9071,648469.5,6.1866,772944.0215,6.3708,1192027.7382,333
334,300079.SZ,20190522,5.8892,6.0289,5.8193,6.0189,5.8991,0.11980000000000057,2.0308,671969.51,399929.713,5.8692,611860.628,6.1307,779467.3505,6.4062,1194438.9002,334
335,300079.SZ,20190523,6.0089,6.0289,5.6396,5.8093,6.0189,-0.2096,-3.4824,681114.19,398905.988,5.8312,611186.698,6.0678,792108.402,6.4365,1198473.9753,335
336,300079.SZ,20190524,5.7893,5.9191,5.6396,5.7394,5.8093,-0.06990000000000052,-1.2032,393318.9,227210.904,5.8432,556324.74,6.0289,773046.6015,6.4623,1191049.9477,336
337,300079.SZ,20190527,5.8193,6.0089,5.7295,5.989,5.7394,0.24960000000000004,4.3489,572358.49,338201.239,5.8911,578070.612,5.9905,766447.524,6.4932,1188560.2065,337
338,300079.SZ,20190528,5.999,6.5479,5.9491,6.1886,5.989,0.19960000000000022,3.3328,1165097.44,728903.162,5.949,696771.706,5.9795,794687.4605,6.5272,1199570.2752,338
339,300079.SZ,20190529,6.0888,6.2186,6.0489,6.0988,6.1886,-0.08980000000000032,-1.4511,527530.99,324000.314,5.965,667884.002,5.9525,777473.361,6.5588,1202539.9913,339
340,300079.SZ,20190530,6.1187,6.1387,5.8193,5.8991,6.0988,-0.1997,-3.2744,486637.24,289193.847,5.983,628988.612,5.948,754473.085,6.5872,1205728.7782,340
341,300079.SZ,20190531,5.9191,6.0289,5.8692,5.8991,5.8991,0.0,0.0,322652.87,192121.74,6.0149,614855.406,5.9301,735081.1345,6.6087,1209274.2218,341
342,300079.SZ,20190603,5.8592,5.9191,5.6197,5.7394,5.8991,-0.15969999999999995,-2.7072,417240.66,240929.632,5.965,583831.84,5.9166,701670.949,6.6198,1214868.1975,342
343,300079.SZ,20190604,5.7694,5.7993,5.5398,5.5897,5.7394,-0.14970000000000017,-2.6083,343957.58,195268.298,5.8452,419603.868,5.9111,665238.103,6.62,1220105.1527,343
344,300079.SZ,20190605,5.6596,5.7295,5.5897,5.6296,5.5897,0.03990000000000027,0.7138,281405.16,159547.315,5.7514,370378.702,5.9106,641909.084,6.6115,1224247.9015,344
345,300079.SZ,20190606,5.5897,5.7095,5.3102,5.3801,5.6296,-0.24950000000000028,-4.4319,410968.1,225806.439,5.6476,355244.874,5.8861,615051.032,6.5885,1226702.5488,345
346,300079.SZ,20190610,5.42,5.5099,5.3402,5.4699,5.3801,0.08980000000000032,1.6691,268475.36,146553.023,5.5617,344409.372,5.8537,569557.5275,6.5627,1162771.7383,346
347,300079.SZ,20190611,5.7195,5.969,5.6197,5.7893,5.4699,0.3193999999999999,5.8392,550259.39,317519.035,5.5717,371013.118,5.8452,566905.7775,6.5306,1110853.2432,347
348,300079.SZ,20190612,5.7295,5.9091,5.6895,5.7594,5.7893,-0.029899999999999594,-0.5165,472151.64,274556.354,5.6057,396651.93,5.8268,540374.251,6.5108,1059515.2508,348
349,300079.SZ,20190613,5.9091,6.1387,5.9091,5.9391,5.7594,0.17969999999999953,3.1201,717154.96,432057.952,5.6676,483801.89,5.8133,533481.3055,6.5049,1038998.869,349
350,300079.SZ,20190614,6.0688,6.1287,5.7295,5.7295,5.9391,-0.2096,-3.5292,457187.11,270247.962,5.7374,493045.692,5.7998,522116.469,6.4957,1023981.5642,350
351,300079.SZ,20190617,5.6995,5.8991,5.6296,5.8293,5.7295,0.09980000000000011,1.7419,353445.9,204347.56,5.8093,510039.8,5.8073,506407.3295,6.4881,1009769.3937,351
352,300079.SZ,20190618,5.8293,5.8692,5.6995,5.7694,5.8293,-0.05989999999999984,-1.0276,201965.5,116863.492,5.8053,440381.022,5.8083,493324.148,6.4701,975870.0315,352
353,300079.SZ,20190619,5.9391,6.0389,5.8592,5.8892,5.7694,0.11979999999999968,2.0765,542342.94,322995.225,5.8313,454419.282,5.8078,491861.6965,6.4603,959961.4528,353
354,300079.SZ,20190620,5.8193,6.0489,5.8093,5.969,5.8892,0.07980000000000054,1.355,457162.65,272164.145,5.8373,402420.82,5.8053,481121.3535,6.4503,942687.4633,354
355,300079.SZ,20190621,6.0389,6.1886,5.989,6.0888,5.969,0.11979999999999968,2.007,674928.59,411863.18,5.9091,445969.116,5.8193,480812.0735,6.444,933658.718,355
356,300079.SZ,20190624,6.0888,6.1287,5.9491,6.0189,6.0888,-0.06989999999999963,-1.148,392320.1,236701.484,5.9471,453743.956,5.8333,480762.1335,6.433,914521.7775,356
357,300079.SZ,20190625,6.0189,6.0489,5.7993,5.8393,6.0189,-0.17960000000000065,-2.9839,357305.71,210048.882,5.961,484811.998,5.8258,470009.4945,6.4169,894130.7867,357
358,300079.SZ,20190626,5.8492,5.8991,5.7993,5.8692,5.8393,0.029900000000000482,0.512,203312.09,119208.161,5.957,417005.828,5.8098,421920.227,6.3922,847698.9153,358
359,300079.SZ,20190627,5.979,6.0189,5.8592,5.8892,5.8692,0.019999999999999574,0.3408,321718.4,190966.788,5.9411,389916.978,5.7993,411629.5975,6.3556,796036.3705,359
360,300079.SZ,20190628,5.9191,5.9191,5.6596,5.6795,5.8892,-0.20969999999999978,-3.5608,333501.01,191393.48,5.8592,321631.462,5.7883,403972.786,6.323,743645.627,360
361,300079.SZ,20190701,5.8393,6.0588,5.7993,6.0289,5.6795,0.34940000000000015,6.1519,638044.2,380660.909,5.8612,370776.282,5.7948,419742.3525,6.2834,711552.3853,361
362,300079.SZ,20190702,6.0389,6.0588,5.9191,5.959,6.0289,-0.06990000000000052,-1.1594,353531.5,211311.819,5.8852,370021.44,5.8058,416556.8945,6.2472,663259.2245,362
363,300079.SZ,20190703,5.9191,5.9291,5.7694,5.8093,5.959,-0.14969999999999928,-2.5122,302032.42,176308.955,5.8732,389765.506,5.8168,414460.6365,6.2146,640014.0397,363
364,300079.SZ,20190704,5.8592,5.9291,5.7794,5.8592,5.8093,0.049900000000000055,0.859,243312.51,142274.335,5.8672,374084.328,5.8283,412556.004,6.1826,623735.0503,364
365,300079.SZ,20190705,5.8393,5.969,5.7095,5.9191,5.8592,0.05989999999999984,1.0223,400810.68,235479.299,5.9151,387546.262,5.8552,412048.133,6.1568,611786.5755,365
366,300079.SZ,20190708,5.8892,5.8892,5.5697,5.5697,5.9191,-0.34940000000000015,-5.9029,411442.43,234258.0,5.8233,342225.908,5.8602,419196.4865,6.1216,603585.4627,366
367,300079.SZ,20190709,5.5498,5.6197,5.4899,5.5897,5.5697,0.019999999999999574,0.3591,210829.41,117284.721,5.7494,313685.49,5.8502,402224.9875,6.0911,592265.3307,367
368,300079.SZ,20190710,5.5797,5.6496,5.5298,5.5997,5.5897,0.010000000000000675,0.1789,186927.44,104463.497,5.7075,290664.494,5.8422,387963.7775,6.0643,583454.3618,368
369,300079.SZ,20190711,5.6296,5.6496,5.4699,5.5099,5.5997,-0.08980000000000032,-1.6037,215822.81,120442.615,5.6376,285166.554,5.8208,362897.17,6.0344,575249.1445,369
370,300079.SZ,20190712,5.52,5.54,5.43,5.47,5.51,-0.040000000000000036,-0.726,145487.08,79870.439,5.5478,234101.834,5.8078,347312.1685,6.0074,565532.2867,370
371,300079.SZ,20190715,5.4,5.59,5.32,5.55,5.47,0.08000000000000007,1.4625,249508.32,136202.934,5.5439,201715.012,5.7938,342115.2895,5.9807,556407.1303,371
372,300079.SZ,20190716,5.58,5.68,5.54,5.63,5.55,0.08000000000000007,1.4414,241346.89,135267.418,5.5519,207818.508,5.7869,344084.359,5.9494,539279.0442,372
373,300079.SZ,20190717,5.59,5.67,5.55,5.57,5.63,-0.05999999999999961,-1.0657,197535.9,110891.43,5.546,209940.2,5.7709,326844.007,5.9218,530549.9083,373
374,300079.SZ,20190718,5.53,5.54,5.39,5.4,5.57,-0.16999999999999993,-3.0521,181592.35,98847.64,5.524,203094.108,5.7425,313065.492,5.8928,524551.3987,374
375,300079.SZ,20190719,5.37,5.48,5.37,5.39,5.4,-0.010000000000000675,-0.1852,133954.01,72710.587,5.508,200787.494,5.7075,286016.763,5.8649,519645.7462,375
376,300079.SZ,20190722,5.39,5.41,5.07,5.07,5.39,-0.3199999999999994,-5.9369,302704.5,156448.302,5.412,211426.73,5.6601,281535.983,5.8407,511781.5727,376
377,300079.SZ,20190723,5.08,5.15,5.06,5.11,5.07,0.040000000000000036,0.789,178790.34,91220.355,5.308,198915.42,5.6236,272610.2145,5.8133,503022.411,377
378,300079.SZ,20190724,5.14,5.34,5.12,5.26,5.11,0.14999999999999947,2.9354,292242.54,153868.161,5.246,217856.748,5.5932,277056.737,5.7941,497888.1415,378
379,300079.SZ,20190725,5.25,5.34,5.19,5.22,5.26,-0.040000000000000036,-0.7605,195346.29,102556.862,5.21,220607.536,5.5597,270738.1315,5.7705,486613.6967,379
380,300079.SZ,20190726,5.24,5.29,5.19,5.23,5.22,0.010000000000000675,0.1916,139928.0,73301.658,5.178,221802.334,5.5372,261059.481,5.7579,473168.4507,380
381,300079.SZ,20190729,5.23,5.28,5.17,5.21,5.23,-0.020000000000000462,-0.3824,123820.0,64619.192,5.206,186025.434,5.4963,235348.271,5.7404,463390.586,381
382,300079.SZ,20190730,5.24,5.3,5.19,5.24,5.21,0.03000000000000025,0.5758,165762.71,87128.518,5.232,183419.908,5.4603,225959.8315,5.7276,448062.5583,382
383,300079.SZ,20190731,5.22,5.33,5.15,5.29,5.24,0.04999999999999982,0.9542,220625.09,115026.317,5.238,169096.418,5.4344,221889.465,5.7208,433862.7348,383
384,300079.SZ,20190801,5.27,5.27,5.14,5.17,5.29,-0.1200000000000001,-2.2684,248077.18,128675.822,5.228,179642.596,5.3999,222127.6985,5.7129,425530.9288,384
385,300079.SZ,20190802,5.0,5.03,4.88,4.94,5.17,-0.22999999999999954,-4.4487,312150.68,154855.57,5.17,214087.132,5.351,217694.6985,5.6974,414931.2878,385
386,300079.SZ,20190805,4.93,5.04,4.86,4.86,4.94,-0.08000000000000007,-1.6194,209658.23,103591.002,5.1,231254.778,5.3155,207605.4885,5.6765,398786.5008,386
387,300079.SZ,20190806,4.75,4.75,4.42,4.61,4.86,-0.25,-5.144,378429.84,173516.29,4.974,273788.204,5.2665,215985.51,5.654,395038.7583,387
388,300079.SZ,20190807,4.63,4.74,4.63,4.67,4.61,0.05999999999999961,1.3015,270891.28,127066.349,4.85,283841.442,5.22,220183.702,5.6297,382840.5768,388
389,300079.SZ,20190808,4.72,4.95,4.71,4.85,4.67,0.17999999999999972,3.8544,372009.36,180990.619,4.786,308627.878,5.187,227993.0295,5.607,374790.5017,389
390,300079.SZ,20190809,4.9,4.93,4.71,4.75,4.85,-0.09999999999999964,-2.0619,202503.8,97480.318,4.748,286698.502,5.151,230843.8655,5.5862,366757.501,390
391,300079.SZ,20190812,4.82,4.85,4.68,4.83,4.75,0.08000000000000007,1.6842,179379.68,85457.842,4.742,280642.792,5.115,227337.4335,5.572,358620.0175,391
392,300079.SZ,20190813,4.75,4.78,4.66,4.71,4.83,-0.1200000000000001,-2.4845,163742.58,77155.546,4.762,237705.34,5.069,223457.218,5.5547,353621.9083,392
393,300079.SZ,20190814,4.79,4.92,4.77,4.8,4.71,0.08999999999999986,1.9108,330070.56,159936.401,4.788,249541.196,5.0305,230083.951,5.5364,349596.5515,393
394,300079.SZ,20190815,4.66,4.91,4.62,4.89,4.8,0.08999999999999986,1.875,278885.33,133713.089,4.796,230916.39,5.005,234948.6,5.5176,343045.1485,394
395,300079.SZ,20190816,4.89,5.15,4.84,4.94,4.89,0.05000000000000071,1.0225,465476.74,231168.055,4.834,283510.978,4.9825,251524.7365,5.5031,339451.191,395
396,300079.SZ,20190819,4.95,5.25,4.92,5.23,4.94,0.29000000000000004,5.8704,656305.11,336769.544,4.914,378896.064,4.9905,269204.767,5.4946,343834.2945,396
397,300079.SZ,20190820,5.45,5.6,5.21,5.22,5.23,-0.010000000000000675,-0.1912,772630.56,414175.444,5.016,500673.66,4.996,298896.778,5.4818,347172.1623,397
398,300079.SZ,20190821,5.18,5.3,5.15,5.18,5.22,-0.040000000000000036,-0.7663,315921.72,164330.673,5.092,497843.892,4.992,300080.737,5.465,333019.2337,398
399,300079.SZ,20190822,5.21,5.25,5.09,5.21,5.18,0.03000000000000025,0.5792,307887.19,158910.587,5.156,503644.264,4.9915,305707.782,5.4502,329358.5037,399
400,300079.SZ,20190823,5.21,5.22,5.1,5.16,5.21,-0.04999999999999982,-0.9597,247590.0,127507.506,5.2,460066.916,4.988,311090.882,5.4379,325374.383,400
401,300079.SZ,20190826,5.0,5.12,4.98,5.04,5.16,-0.1200000000000001,-2.3256,214626.4,108450.566,5.162,371731.174,4.9795,315631.202,5.4235,323573.9418,401
402,300079.SZ,20190827,5.1,5.19,5.05,5.13,5.04,0.08999999999999986,1.7857,250539.66,128405.799,5.144,267312.994,4.974,319870.0495,5.4134,320795.5918,402
403,300079.SZ,20190828,5.11,5.15,5.02,5.06,5.13,-0.07000000000000028,-1.3645,247119.89,125037.726,5.12,253552.628,4.9625,321194.7895,5.4046,319181.6303,403
404,300079.SZ,20190829,5.08,5.22,5.04,5.12,5.06,0.0600000000000005,1.1858,380818.97,195988.96,5.102,268138.984,4.96,327831.879,5.3961,320838.5272,404
405,300079.SZ,20190830,5.17,5.22,5.01,5.03,5.12,-0.08999999999999986,-1.7578,387744.66,199032.729,5.076,296169.916,4.9645,331611.578,5.3902,320451.4698,405
406,300079.SZ,20190902,5.02,5.17,5.01,5.14,5.03,0.10999999999999943,2.1869,307398.64,156817.813,5.096,314724.364,4.9785,336498.5985,5.3847,321100.1912,406
407,300079.SZ,20190903,5.15,5.34,5.11,5.25,5.14,0.11000000000000032,2.1401,487103.87,253943.417,5.12,362037.206,5.0105,341932.3,5.3757,320047.5992,407
408,300079.SZ,20190904,5.23,5.33,5.17,5.3,5.25,0.04999999999999982,0.9524,396223.04,207503.507,5.168,391857.836,5.042,348198.888,5.3681,318782.1225,408
409,300079.SZ,20190905,5.3,5.52,5.29,5.38,5.3,0.08000000000000007,1.5094,632258.83,341926.977,5.22,442145.808,5.0685,361211.3615,5.3588,317367.187,409
410,300079.SZ,20190906,5.41,5.58,5.38,5.56,5.38,0.17999999999999972,3.3457,657738.74,359963.135,5.326,496144.624,5.109,383973.1085,5.3559,320709.7142,410
411,300079.SZ,20190909,5.68,5.79,5.56,5.75,5.56,0.1900000000000004,3.4173,891863.56,506543.655,5.448,613037.608,5.155,419597.3025,5.3546,329683.3418,411
412,300079.SZ,20190910,5.75,5.84,5.61,5.7,5.75,-0.04999999999999982,-0.8696,604883.0,344825.539,5.538,636593.434,5.2045,441654.3235,5.3535,336398.6335,412
413,300079.SZ,20190911,5.66,5.75,5.61,5.61,5.7,-0.08999999999999986,-1.5789,360411.47,204226.218,5.6,629431.12,5.245,443171.369,5.3488,333366.4423,413
414,300079.SZ,20190912,5.68,5.88,5.66,5.75,5.61,0.13999999999999968,2.4955,575710.32,332329.011,5.674,618121.418,5.288,458012.6185,5.3452,335342.2368,414
415,300079.SZ,20190916,5.78,5.93,5.62,5.91,5.75,0.16000000000000014,2.7826,681451.96,396978.027,5.744,622864.062,5.3365,468811.3795,5.3422,335450.9597,415
416,300079.SZ,20190917,5.94,6.04,5.65,5.76,5.91,-0.15000000000000036,-2.5381,826403.3,484190.182,5.746,609772.01,5.363,477316.289,5.3379,342685.6797,416
417,300079.SZ,20190918,5.69,5.77,5.61,5.67,5.76,-0.08999999999999986,-1.5625,400766.7,227671.242,5.74,568948.75,5.3855,458723.096,5.335,343410.0295,417
418,300079.SZ,20190919,5.65,5.77,5.4,5.77,5.67,0.09999999999999964,1.7637,409774.05,230271.784,5.772,578821.266,5.415,463415.7125,5.3334,346851.0622,418
419,300079.SZ,20190920,5.77,5.81,5.59,5.64,5.77,-0.1299999999999999,-2.253,358757.34,203920.293,5.75,535430.67,5.4365,465959.22,5.3292,347468.3778,419
420,300079.SZ,20190923,5.61,5.61,5.48,5.54,5.64,-0.09999999999999964,-1.773,252747.09,139765.519,5.676,449689.696,5.4555,466217.0745,5.3269,346122.4792,420
421,300079.SZ,20190924,5.54,5.63,5.5,5.5,5.54,-0.040000000000000036,-0.722,265741.59,147683.8,5.624,337557.354,5.4785,468772.834,5.3181,339917.4357,421
422,300079.SZ,20190925,5.51,5.51,5.25,5.28,5.5,-0.21999999999999975,-4.0,323620.55,173426.836,5.546,322128.124,5.486,472426.8785,5.3068,339418.9198,422
423,300079.SZ,20190926,5.3,5.35,5.05,5.06,5.28,-0.22000000000000064,-4.1667,291143.48,149938.916,5.404,298402.01,5.486,474628.058,5.2943,339237.4375,423
424,300079.SZ,20190927,5.03,5.19,5.03,5.14,5.06,0.08000000000000007,1.581,179701.35,92322.953,5.304,262590.812,5.487,464572.177,5.2823,338177.2515,424
425,300079.SZ,20190930,5.14,5.18,5.0,5.03,5.14,-0.10999999999999943,-2.1401,164341.48,83464.729,5.202,244909.69,5.487,453402.018,5.2675,334236.0982,425
426,300079.SZ,20191008,5.03,5.11,4.95,4.98,5.03,-0.04999999999999982,-0.994,138081.0,69574.55,5.098,219377.572,5.479,444936.136,5.2577,329680.0743,426
427,300079.SZ,20191009,4.96,5.07,4.95,5.04,4.98,0.05999999999999961,1.2048,134440.94,67294.158,5.05,181541.65,5.4685,427302.9895,5.2485,328406.9332,427
428,300079.SZ,20191010,5.06,5.14,5.03,5.14,5.04,0.09999999999999964,1.9841,186039.01,94875.514,5.066,160520.756,5.4605,416793.788,5.2408,328392.126,428
429,300079.SZ,20191011,5.13,5.29,5.13,5.27,5.14,0.1299999999999999,2.5292,294303.03,154100.901,5.092,183441.092,5.455,399895.998,5.2368,329700.1297,429
430,300079.SZ,20191014,5.38,5.38,5.27,5.29,5.27,0.020000000000000462,0.3795,265051.2,140821.731,5.144,203583.036,5.4415,380261.621,5.2338,331692.865,430
431,300079.SZ,20191015,5.21,5.21,4.99,5.04,5.29,-0.25,-4.7259,333238.47,168951.054,5.156,242614.53,5.406,352330.3665,5.2253,333088.3675,431
432,300079.SZ,20191016,5.03,5.08,4.96,4.97,5.04,-0.07000000000000028,-1.3889,157308.0,78934.848,5.142,247187.942,5.3695,329951.6165,5.2143,331687.7193,432
433,300079.SZ,20191017,4.99,5.06,4.97,5.02,4.97,0.04999999999999982,1.006,142161.22,71294.5,5.118,238412.384,5.34,319039.104,5.2052,330764.808,433
434,300079.SZ,20191018,5.0,5.05,4.84,4.86,5.02,-0.15999999999999925,-3.1873,190624.0,94079.884,5.036,217676.578,5.2955,299784.788,5.1962,330915.3355,434
435,300079.SZ,20191021,4.87,4.93,4.76,4.91,4.86,0.04999999999999982,1.0288,140591.39,68024.799,4.96,192784.616,5.2455,272741.7595,5.1882,331025.9585,435
436,300079.SZ,20191022,4.92,4.99,4.88,4.97,4.91,0.05999999999999961,1.222,125134.57,61964.357,4.946,151163.836,5.206,237678.323,5.1865,328066.4597,436
437,300079.SZ,20191023,4.96,5.0,4.9,4.92,4.97,-0.04999999999999982,-1.006,118010.2,58396.593,4.936,143304.276,5.1685,223540.498,5.1833,327053.4573,437
438,300079.SZ,20191024,4.93,4.94,4.85,4.88,4.92,-0.040000000000000036,-0.813,104091.3,50875.351,4.908,135690.292,5.124,208256.3605,5.177,323917.6033,438
439,300079.SZ,20191025,4.89,4.94,4.82,4.94,4.88,0.0600000000000005,1.2295,114650.15,55993.675,4.924,120495.522,5.089,196051.001,5.1723,322572.6677,439
440,300079.SZ,20191028,5.39,5.39,5.16,5.29,4.94,0.34999999999999964,7.085,663228.79,351069.663,5.0,225023.002,5.0765,216575.086,5.1733,331294.3475,440
441,300079.SZ,20191029,5.21,5.33,5.08,5.09,5.29,-0.20000000000000018,-3.7807,398652.36,207825.007,5.024,279726.56,5.056,223220.6245,5.1713,335874.8868,441
442,300079.SZ,20191030,5.13,5.2,5.03,5.04,5.09,-0.04999999999999982,-0.9823,233156.63,118791.892,5.048,302755.846,5.044,218697.4285,5.168,336998.1188,442
443,300079.SZ,20191031,5.0,5.06,4.91,4.94,5.04,-0.09999999999999964,-1.9841,184056.5,91653.164,5.06,318748.886,5.038,213343.0795,5.1622,336388.6423,443
444,300079.SZ,20191101,4.95,5.03,4.9,5.01,4.94,0.0699999999999994,1.417,127061.76,63371.008,5.074,321231.208,5.0315,210711.1,5.1595,334371.7187,444
445,300079.SZ,20191104,5.02,5.06,4.95,4.96,5.01,-0.04999999999999982,-0.998,132674.34,66524.459,5.008,215120.318,5.028,209127.743,5.1598,331380.4463,445
446,300079.SZ,20191105,4.96,4.99,4.87,4.92,4.96,-0.040000000000000036,-0.8065,148499.09,73112.581,4.974,165089.664,5.025,209648.6475,5.1608,330361.1273,446
447,300079.SZ,20191106,4.91,4.94,4.84,4.86,4.92,-0.05999999999999961,-1.2195,135700.72,66197.156,4.938,145598.482,5.016,209711.6365,5.165,326315.642,447
448,300079.SZ,20191107,4.85,4.92,4.83,4.89,4.86,0.02999999999999936,0.6173,101828.0,49696.015,4.928,129152.782,5.0035,205501.086,5.1687,323497.9207,448
449,300079.SZ,20191108,4.93,4.94,4.86,4.87,4.89,-0.019999999999999574,-0.409,87553.63,42891.231,4.9,121251.156,4.9835,195163.616,5.169,318756.9918,449
450,300079.SZ,20191111,4.84,4.84,4.68,4.68,4.87,-0.1900000000000004,-3.9014,170100.0,80510.207,4.844,128736.288,4.953,190416.056,5.1678,318216.9285,450
451,300079.SZ,20191112,4.61,4.73,4.6,4.73,4.68,0.05000000000000071,1.0684,93649.54,43550.827,4.806,117766.378,4.9375,178436.6095,5.1662,316788.0928,451
452,300079.SZ,20191113,4.69,4.77,4.65,4.7,4.73,-0.03000000000000025,-0.6342,75478.01,35587.835,4.774,105721.836,4.924,174345.11,5.166,315317.0167,452
453,300079.SZ,20191114,4.69,4.72,4.65,4.68,4.7,-0.020000000000000462,-0.4255,74606.0,34948.095,4.732,100277.436,4.907,170967.349,5.164,311059.274,453
454,300079.SZ,20191115,4.69,4.7,4.56,4.56,4.68,-0.1200000000000001,-2.5641,117180.64,53958.841,4.67,106202.838,4.892,167295.181,5.1585,308364.1958,454
455,300079.SZ,20191118,4.56,4.65,4.55,4.63,4.56,0.07000000000000028,1.5351,88993.57,40968.936,4.66,89981.552,4.878,164715.29,5.1533,302089.4763,455
456,300079.SZ,20191119,4.66,4.85,4.62,4.79,4.63,0.16000000000000014,3.4557,173441.7,82720.031,4.672,105939.984,4.869,167130.6465,5.146,294041.7528,456
457,300079.SZ,20191120,4.83,4.85,4.74,4.75,4.79,-0.040000000000000036,-0.8351,130131.14,62260.687,4.682,116870.61,4.8605,167736.6935,5.1382,283333.4292,457
458,300079.SZ,20191121,4.81,4.97,4.81,4.87,4.75,0.1200000000000001,2.5263,310413.54,152018.871,4.72,164032.118,4.86,178052.8055,5.133,283241.6262,458
459,300079.SZ,20191122,4.85,4.94,4.82,4.89,4.87,0.019999999999999574,0.4107,217287.85,106370.963,4.786,184053.56,4.8575,183184.6905,5.1277,281731.6372,459
460,300079.SZ,20191125,4.97,4.98,4.81,4.85,4.89,-0.040000000000000036,-0.818,142093.46,69126.541,4.83,194673.538,4.8355,157127.924,5.1225,279973.3615,460
461,300079.SZ,20191126,4.87,4.9,4.81,4.84,4.85,-0.009999999999999787,-0.2062,102116.06,49567.301,4.84,180408.41,4.823,142301.109,5.1192,278098.1892,461
462,300079.SZ,20191127,4.82,4.85,4.77,4.79,4.84,-0.04999999999999982,-1.0331,108629.31,52286.063,4.848,176108.044,4.8105,136074.743,5.1135,275733.0167,462
463,300079.SZ,20191128,4.77,4.82,4.67,4.7,4.79,-0.08999999999999986,-1.8789,92679.81,43878.554,4.814,132561.298,4.7985,131505.9085,5.1075,273159.0153,463
464,300079.SZ,20191129,4.77,4.95,4.76,4.79,4.7,0.08999999999999986,1.9149,200293.53,96992.125,4.794,129162.434,4.7875,135167.497,5.102,270150.258,464
465,300079.SZ,20191202,4.76,4.82,4.71,4.73,4.79,-0.05999999999999961,-1.2526,117554.0,56024.05,4.77,124254.542,4.776,134411.48,5.097,265647.0803,465
466,300079.SZ,20191203,4.72,4.76,4.69,4.75,4.73,0.019999999999999574,0.4228,67139.81,31716.462,4.752,117259.292,4.7675,130343.516,5.0905,261642.7665,466
467,300079.SZ,20191204,4.7,4.76,4.69,4.75,4.75,0.0,0.0,88653.11,41904.524,4.744,113264.052,4.762,127991.1355,5.0822,255001.9205,467
468,300079.SZ,20191205,4.77,4.84,4.74,4.83,4.75,0.08000000000000007,1.6842,137987.17,66376.683,4.77,122325.524,4.759,129799.094,5.0743,250697.9893,468
469,300079.SZ,20191206,4.83,4.87,4.8,4.86,4.83,0.03000000000000025,0.6211,113292.5,54810.657,4.784,104925.318,4.7585,131086.0375,5.0657,242048.5505,469
470,300079.SZ,20191209,4.9,4.91,4.85,4.89,4.86,0.02999999999999936,0.6173,112499.52,54831.735,4.816,103914.422,4.769,128206.0135,5.0545,232961.2302,470
471,300079.SZ,20191210,5.23,5.38,5.05,5.14,4.89,0.25,5.1125,749293.97,389819.254,4.894,240345.254,4.7895,160988.235,5.0443,230585.0703,471
472,300079.SZ,20191211,5.65,5.65,5.45,5.65,5.14,0.5100000000000007,9.9222,1592576.32,897681.47,5.074,541129.896,4.837,236843.1505,5.0435,247046.6257,472
473,300079.SZ,20191212,5.62,5.65,5.38,5.39,5.65,-0.2600000000000007,-4.6018,1220571.34,671072.529,5.186,757646.73,4.8725,294141.4175,5.0398,261382.6235,473
474,300079.SZ,20191213,5.42,5.47,5.29,5.39,5.39,0.0,0.0,502698.38,269999.412,5.292,835527.906,4.914,313417.3045,5.0338,260165.7578,474
475,300079.SZ,20191216,5.44,5.59,5.4,5.49,5.39,0.10000000000000053,1.8553,609884.84,335815.319,5.412,935004.97,4.957,339461.868,5.0268,258972.9725,475
476,300079.SZ,20191217,5.8,6.04,5.75,6.04,5.49,0.5499999999999998,10.0182,1325055.64,789216.979,5.592,1050157.304,5.0195,397042.565,5.0315,267283.8448,476
477,300079.SZ,20191218,6.29,6.45,6.03,6.19,6.04,0.15000000000000036,2.4834,1679743.82,1046878.55,5.7,1067590.804,5.0915,474523.199,5.0402,288600.1302,477
478,300079.SZ,20191219,6.47,6.81,6.38,6.4,6.19,0.20999999999999996,3.3926,1991596.54,1333494.287,5.902,1221795.844,5.168,558582.349,5.0507,314963.8383,478
479,300079.SZ,20191220,6.33,6.56,6.24,6.24,6.4,-0.16000000000000014,-2.5,1047273.82,669560.228,6.072,1330710.932,5.2355,600081.6475,5.0607,326439.113,479
480,300079.SZ,20191223,6.24,6.28,5.83,5.86,6.24,-0.3799999999999999,-6.0897,927369.94,554140.864,6.146,1394207.952,5.286,639345.4715,5.066,337682.8272,480
481,300079.SZ,20191224,5.94,6.05,5.82,6.02,5.86,0.15999999999999925,2.7304,615018.76,366784.054,6.142,1252200.576,5.345,664990.6065,5.0747,343504.1133,481
482,300079.SZ,20191225,6.15,6.35,6.05,6.29,6.02,0.27000000000000046,4.485,764283.56,474516.704,6.162,1069108.524,5.42,697773.319,5.0915,350848.4968,482
483,300079.SZ,20191226,6.31,6.36,6.13,6.25,6.29,-0.040000000000000036,-0.6359,492339.12,306954.329,6.132,769257.04,5.4975,717756.2845,5.1113,354201.7575,483
484,300079.SZ,20191227,6.29,6.3,5.99,6.0,6.25,-0.25,-4.0,471270.59,289616.62,6.084,654056.394,5.558,731305.1375,5.1257,359061.2448,484
485,300079.SZ,20191230,5.97,6.04,5.8,6.0,6.0,0.0,0.0,306602.89,183132.961,6.112,529902.984,5.6215,740757.582,5.1418,361432.2683,485
486,300079.SZ,20191231,6.06,6.11,5.86,5.92,6.0,-0.08000000000000007,-1.3333,333946.12,199321.638,6.092,473688.456,5.68,754097.8975,5.1575,364696.687,486
487,300079.SZ,20200102,6.0,6.39,5.97,6.27,5.92,0.34999999999999964,5.9122,727189.37,451809.887,6.088,466269.618,5.756,786024.7105,5.178,374575.8275,487
488,300079.SZ,20200103,6.27,6.35,6.13,6.18,6.27,-0.08999999999999986,-1.4354,503151.38,312923.426,6.074,468432.07,5.8235,804282.921,5.1953,379861.0337,488
489,300079.SZ,20200106,6.22,6.77,6.15,6.4,6.18,0.22000000000000064,3.5599,1013837.86,652226.052,6.154,576945.524,5.9005,849310.189,5.2142,391853.2808,489
490,300079.SZ,20200107,6.33,7.0,6.33,6.86,6.4,0.45999999999999996,7.1875,1319161.59,888343.506,6.326,779457.264,5.999,909643.2925,5.2403,409421.7873,490
491,300079.SZ,20200108,6.68,6.83,6.48,6.54,6.86,-0.3200000000000003,-4.6647,884247.58,587489.198,6.45,889517.556,6.069,916390.973,5.2653,418605.2725,491
492,300079.SZ,20200109,6.64,6.75,6.36,6.51,6.54,-0.03000000000000025,-0.4587,734898.02,480976.875,6.498,891059.286,6.112,873507.058,5.291,428231.7728,492
493,300079.SZ,20200110,6.49,6.53,6.35,6.39,6.51,-0.1200000000000001,-1.8433,412430.36,264644.83,6.54,872915.082,6.162,833100.009,5.3138,432736.2585,493
494,300079.SZ,20200113,6.41,6.66,6.15,6.63,6.39,0.2400000000000002,3.7559,841991.79,534611.545,6.586,838545.868,6.224,850064.6795,5.3433,443592.3883,494
495,300079.SZ,20200114,6.66,7.25,6.46,7.0,6.63,0.3700000000000001,5.5807,1741309.55,1192125.36,6.614,922975.46,6.2995,906635.915,5.3782,470271.0243,495
496,300079.SZ,20200115,7.22,7.37,6.88,7.09,7.0,0.08999999999999986,1.2857,1560193.34,1107920.85,6.724,1058164.612,6.352,918392.8,5.4135,494188.6705,496
497,300079.SZ,20200116,6.93,7.07,6.81,6.93,7.09,-0.16000000000000014,-2.2567,854790.33,592780.598,6.808,1082143.074,6.389,877145.1255,5.447,506468.3393,497
498,300079.SZ,20200117,6.95,6.99,6.75,6.75,6.93,-0.17999999999999972,-2.5974,582092.0,398564.904,6.88,1116075.402,6.4065,806669.8985,5.4782,514435.0177,498
499,300079.SZ,20200120,6.72,6.91,6.71,6.83,6.75,0.08000000000000007,1.1852,474649.85,323520.998,6.92,1042607.014,6.436,778038.7,5.5097,520435.0127,499
500,300079.SZ,20200121,6.91,7.09,6.75,6.81,6.83,-0.020000000000000462,-0.2928,565008.34,390762.319,6.882,807346.772,6.4835,759920.62,5.535,518798.0052,500
501,300079.SZ,20200122,6.9,7.21,6.84,7.16,6.81,0.35000000000000053,5.1395,1033038.93,727758.389,6.896,701915.89,6.5405,780821.6285,5.5695,529371.1147,501
502,300079.SZ,20200123,7.06,7.07,6.56,6.68,7.16,-0.4800000000000004,-6.7039,843804.06,576034.38,6.846,699718.636,6.56,784797.6535,5.5968,539548.5718,502
503,300079.SZ,20200203,6.01,6.01,6.01,6.01,6.68,-0.6699999999999999,-10.0299,42484.0,25532.884,6.698,591797.036,6.548,762304.8975,5.6147,537189.0302,503
504,300079.SZ,20200204,5.41,5.85,5.41,5.7,6.01,-0.3099999999999996,-5.1581,930295.52,527111.848,6.472,682926.17,6.533,785256.144,5.6262,550576.2595,504
505,300079.SZ,20200205,5.75,5.98,5.72,5.76,5.7,0.05999999999999961,1.0526,680469.69,397543.114,6.262,706018.44,6.521,803949.484,5.6395,559706.182,505
506,300079.SZ,20200206,5.76,6.27,5.63,6.08,5.76,0.3200000000000003,5.5556,1086758.9,643188.58,6.046,716762.434,6.529,841590.123,5.6588,575343.8455,506
507,300079.SZ,20200207,6.05,6.19,5.9,6.11,6.08,0.03000000000000025,0.4934,823413.06,498761.912,5.932,712684.234,6.521,846401.3075,5.6797,586805.7178,507
508,300079.SZ,20200210,6.07,6.24,6.01,6.13,6.11,0.019999999999999574,0.3273,619727.51,379908.087,5.956,828132.936,6.5185,852230.114,5.7003,595437.3763,508
509,300079.SZ,20200211,6.15,6.17,5.95,5.96,6.13,-0.16999999999999993,-2.7732,547020.0,328955.346,6.008,751477.832,6.4965,828889.221,5.7185,603095.1492,509
510,300079.SZ,20200212,5.96,6.37,5.9,6.31,5.96,0.34999999999999964,5.8725,1017912.37,628898.662,6.118,818966.368,6.469,813826.76,5.7457,617225.3553,510
511,300079.SZ,20200213,6.35,6.41,6.16,6.23,6.31,-0.07999999999999918,-1.2678,683176.47,429553.511,6.148,738249.882,6.4535,803773.2045,5.7707,627050.8042,511
512,300079.SZ,20200214,6.19,6.35,6.09,6.17,6.23,-0.0600000000000005,-0.9631,488792.08,303955.001,6.16,671325.686,6.4365,791467.9075,5.7952,633939.372,512
513,300079.SZ,20200217,6.22,6.4,6.2,6.36,6.17,0.1900000000000004,3.0794,631068.83,399316.999,6.206,673593.95,6.435,802399.831,5.8232,643213.7525,513
514,300079.SZ,20200218,6.38,6.57,6.33,6.53,6.36,0.16999999999999993,2.673,789468.79,509962.418,6.32,722083.708,6.43,799773.681,5.856,654418.555,514
515,300079.SZ,20200219,6.54,6.62,6.39,6.4,6.53,-0.1299999999999999,-1.9908,703215.02,455253.587,6.338,659144.238,6.4,747868.9545,5.8855,664655.5792,515
516,300079.SZ,20200220,6.37,6.45,6.23,6.41,6.4,0.009999999999999787,0.1562,685034.94,436189.697,6.374,659515.932,6.366,704111.0345,5.9125,673182.1332,516
517,300079.SZ,20200221,6.46,6.69,6.41,6.57,6.41,0.16000000000000014,2.4961,970822.44,635528.367,6.454,755922.004,6.348,709912.64,5.9428,687193.6548,517
518,300079.SZ,20200224,6.6,6.85,6.59,6.81,6.57,0.23999999999999932,3.653,1046760.23,705670.604,6.544,839060.284,6.351,733146.0515,5.9752,699466.0997,518
519,300079.SZ,20200225,6.65,6.74,6.32,6.71,6.81,-0.09999999999999964,-1.4684,1132001.41,745943.275,6.58,907566.808,6.345,766013.6295,6.0055,714711.3257,519
520,300079.SZ,20200226,7.2,7.2,6.45,6.51,6.71,-0.20000000000000018,-2.9806,1359858.74,932514.805,6.602,1038895.552,6.33,805756.1495,6.0332,735007.4137,520
521,300079.SZ,20200227,6.51,6.6,6.3,6.37,6.51,-0.13999999999999968,-2.1505,611597.17,392666.983,6.594,1024207.998,6.2905,784684.0615,6.0587,743498.7655,521
522,300079.SZ,20200228,6.06,6.16,5.73,5.74,6.37,-0.6299999999999999,-9.8901,836734.64,495804.589,6.428,997390.438,6.2435,784330.5905,6.0745,755633.8543,522
523,300079.SZ,20200302,5.8,6.04,5.69,5.99,5.74,0.25,4.3554,633471.63,372056.71,6.264,914732.718,6.2425,813879.972,6.096,764647.0513,523
524,300079.SZ,20200303,6.2,6.33,6.02,6.12,5.99,0.1299999999999999,2.1703,725009.28,449663.367,6.146,833334.292,6.2635,803615.66,6.1182,773392.3138,524
525,300079.SZ,20200304,6.02,6.14,5.91,6.07,6.12,-0.04999999999999982,-0.817,433310.51,261024.462,6.058,648024.646,6.279,791257.701,6.1405,778654.9223,525
526,300079.SZ,20200305,6.14,6.24,6.03,6.09,6.07,0.019999999999999574,0.3295,421375.35,256980.287,6.002,609980.282,6.2795,757988.5235,6.1628,784558.848,526
527,300079.SZ,20200306,6.0,6.03,5.92,5.97,6.09,-0.1200000000000001,-1.9704,338833.73,202494.377,6.048,510400.1,6.2725,733759.557,6.1832,788728.525,527
528,300079.SZ,20200309,5.87,5.9,5.61,5.62,5.97,-0.34999999999999964,-5.8626,531734.68,306175.089,5.974,490052.71,6.247,729359.9155,6.1963,795290.9835,528
529,300079.SZ,20200310,5.52,5.81,5.43,5.81,5.62,0.1899999999999995,3.3808,505617.5,284375.015,5.912,446174.354,6.2395,727289.7905,6.2122,801829.7335,529
530,300079.SZ,20200311,5.83,5.94,5.65,5.65,5.81,-0.15999999999999925,-2.7539,407798.27,236819.465,5.828,441071.906,6.2065,696784.0855,6.2248,806751.3793,530
531,300079.SZ,20200312,5.65,5.79,5.53,5.71,5.65,0.05999999999999961,1.0619,354823.9,200596.235,5.752,427761.616,6.1805,680366.457,6.2343,800176.8782,531
532,300079.SZ,20200313,5.44,5.74,5.39,5.67,5.71,-0.040000000000000036,-0.7005,358058.38,199662.82,5.692,431606.546,6.1555,673829.772,6.2347,779601.5792,532
533,300079.SZ,20200316,5.69,5.74,5.26,5.3,5.67,-0.3700000000000001,-6.5256,432979.18,239301.937,5.628,411855.446,6.1025,663925.2895,6.2332,766475.0432,533
534,300079.SZ,20200317,5.36,5.41,5.02,5.22,5.3,-0.08000000000000007,-1.5094,400561.53,208845.767,5.51,390844.252,6.037,644479.9265,6.2303,764772.7623,534
535,300079.SZ,20200318,5.28,5.34,5.1,5.1,5.22,-0.1200000000000001,-2.2989,301282.37,157730.942,5.4,369541.072,5.972,624383.294,6.2238,759629.3878,535
536,300079.SZ,20200319,5.09,5.22,4.98,5.17,5.1,0.07000000000000028,1.3725,342637.4,174578.566,5.292,367103.772,5.91,607263.417,6.2093,743255.7505,536
537,300079.SZ,20200320,5.23,5.25,5.1,5.2,5.17,0.03000000000000025,0.5803,196313.97,101602.2,5.198,334754.89,5.8415,568537.9935,6.1928,718531.9197,537
538,300079.SZ,20200323,5.04,5.15,4.96,4.97,5.2,-0.23000000000000043,-4.4231,279805.84,141307.163,5.132,304120.222,5.7495,530190.274,6.169,690002.0747,538
539,300079.SZ,20200324,5.07,5.09,4.89,5.06,4.97,0.08999999999999986,1.8109,254140.21,127268.314,5.1,274835.958,5.667,486297.214,6.1493,676783.1812,539
540,300079.SZ,20200325,5.17,5.23,5.14,5.19,5.06,0.13000000000000078,2.5692,288466.55,149572.545,5.118,272272.794,5.601,432727.6045,6.1382,666134.7913,540
541,300079.SZ,20200326,5.14,5.17,5.04,5.07,5.19,-0.1200000000000001,-2.3121,213989.77,109235.917,5.098,246543.268,5.536,412847.2345,6.1223,659450.9748,541
542,300079.SZ,20200327,5.15,5.18,5.05,5.07,5.07,0.0,0.0,177175.26,90347.144,5.072,242715.526,5.5025,379869.2655,6.102,649665.8365,542
543,300079.SZ,20200330,5.01,5.01,4.84,4.92,5.07,-0.15000000000000036,-2.9586,224210.99,110235.752,5.062,231596.556,5.449,359406.2335,6.0798,645197.0343,543
544,300079.SZ,20200331,4.98,4.99,4.88,4.89,4.92,-0.03000000000000025,-0.6098,130511.33,64417.758,5.028,206870.78,5.3875,329681.336,6.0613,639517.7133,544
545,300079.SZ,20200401,4.89,5.01,4.87,4.92,4.89,0.03000000000000025,0.6135,196063.63,97170.1,4.974,188390.196,5.33,317818.992,6.0433,637675.3923,545
